t;reset;T;select;inj_bias;vs_int_a;Vshunt_a;Vc_a;Vo_a;Ib_hdwe_a;vs_int_na;Vshunt_na;Vc_na;Vo_na;Ib_hdwe_na;Ib_hdwe;T;Ib_amp_fault;Ib_amp_fail;Ib_noa_fault;Ib_noa_fail
0;0;0.02;0;0;0;0.084;1.645;1.729;6.254;0;0.089;1.638;1.727;6.525;6.254;0.02;0;0;0;0
0.02;0;0.02;0;0;0;0.084;1.63;1.714;6.255;0;0.086;1.627;1.714;6.361;6.255;0.02;0;0;0;0
0.04;0;0.02;0;0;0;0.096;1.644;1.74;7.084;0;0.086;1.652;1.739;6.361;7.084;0.02;0;0;0;0
0.06;0;0.02;0;0;0;0.093;1.66;1.753;6.918;0;0.089;1.657;1.746;6.525;6.918;0.02;0;0;0;0
0.08;0;0.02;0;0;0;0.091;1.652;1.743;6.752;0;0.093;1.653;1.747;6.854;6.752;0.02;0;0;0;0
0.1;0;0.02;0;0;0;0.09;1.644;1.734;6.697;0;0.089;1.644;1.732;6.525;6.697;0.02;0;0;0;0
0.12;0;0.02;0;0;0;0.084;1.627;1.71;6.255;0;0.083;1.631;1.714;6.142;6.255;0.02;0;0;0;0
0.14;0;0.02;0;0;0;0.087;1.649;1.736;6.476;0;0.089;1.65;1.739;6.58;6.476;0.02;0;0;0;0
0.16;0;0.02;0;0;0;0.087;1.661;1.748;6.476;0;0.093;1.656;1.749;6.799;6.476;0.02;0;0;0;0
0.18;0;0.02;0;0;0;0.086;1.653;1.739;6.42;0;0.081;1.656;1.738;6.032;6.42;0.02;0;0;0;0
0.2;0;0.02;0;0;0;0.086;1.643;1.729;6.42;0;0.086;1.64;1.727;6.361;6.42;0.02;0;0;0;0
0.22;0;0.02;0;0;0;0.084;1.628;1.712;6.255;0;0.084;1.63;1.714;6.197;6.255;0.02;0;0;0;0
0.24;0;0.02;0;0;0;0.086;1.647;1.733;6.42;0;0.085;1.65;1.735;6.251;6.42;0.02;0;0;0;0
0.26;0;0.02;0;0;0;0.085;1.659;1.744;6.365;0;0.092;1.656;1.747;6.744;6.365;0.02;0;0;0;0
0.28;0;0.02;0;0;0;0.087;1.654;1.741;6.476;0;0.081;1.656;1.737;6.032;6.476;0.02;0;0;0;0
0.3;0;0.02;0;0;0;0.084;1.644;1.727;6.254;0;0.093;1.64;1.734;6.854;6.254;0.02;0;0;0;0
0.32;0;0.02;0;0;0;0.085;1.635;1.72;6.365;0;0.085;1.631;1.717;6.306;6.365;0.02;0;0;0;0
0.34;0;0.02;0;0;0;0.086;1.651;1.737;6.42;0;0.09;1.646;1.736;6.635;6.42;0.02;0;0;0;0
0.36;0;0.02;0;0;0;0.086;1.66;1.746;6.42;0;0.085;1.661;1.747;6.306;6.42;0.02;0;0;0;0
0.38;0;0.02;0;0;0;0.088;1.654;1.742;6.531;0;0.085;1.655;1.74;6.306;6.531;0.02;0;0;0;0
0.4;0;0.02;0;0;0;0.091;1.641;1.732;6.752;0;0.087;1.644;1.731;6.416;6.752;0.02;0;0;0;0
0.42;0;0.02;0;0;0;0.091;1.63;1.721;6.752;0;0.085;1.631;1.715;6.251;6.752;0.02;0;0;0;0
0.44;0;0.02;0;0;0;0.09;1.653;1.743;6.697;0;0.086;1.651;1.737;6.361;6.697;0.02;0;0;0;0
0.46;0;0.02;0;0;0;0.082;1.662;1.744;6.144;0;0.091;1.661;1.752;6.69;6.144;0.02;0;0;0;0
0.48;0;0.02;0;0;0;0.096;1.65;1.746;7.084;0;0.085;1.655;1.739;6.251;7.084;0.02;0;0;0;0
0.5;0;0.02;0;0;0;0.082;1.647;1.729;6.144;0;0.087;1.642;1.729;6.416;6.144;0.02;0;0;0;0
0.52;0;0.02;0;0;0;0.086;1.631;1.717;6.42;0;0.085;1.629;1.714;6.251;6.42;0.02;0;0;0;0
0.54;0;0.02;0;0;0;0.09;1.65;1.74;6.697;0;0.089;1.648;1.737;6.58;6.697;0.02;0;0;0;0
0.56;0;0.02;0;0;0;0.09;1.659;1.749;6.697;0;0.094;1.658;1.752;6.909;6.697;0.02;0;0;0;0
0.58;0;0.02;0;0;0;0.089;1.654;1.743;6.642;0;0.089;1.653;1.742;6.525;6.642;0.02;0;0;0;0
0.6;0;0.02;0;0;0;0.082;1.644;1.727;6.144;0;0.087;1.641;1.728;6.416;6.144;0.02;0;0;0;0
0.62;0;0.02;0;0;0;0.09;1.628;1.718;6.697;0;0.085;1.631;1.717;6.306;6.697;0.02;0;0;0;0
0.64;0;0.02;0;0;0;0.081;1.653;1.734;6.033;0;0.084;1.652;1.735;6.197;6.033;0.02;0;0;0;0
0.66;0;0.02;0;0;0;0.089;1.661;1.75;6.586;0;0.083;1.663;1.746;6.142;6.586;0.02;0;0;0;0
0.68;0;0.02;0;0;0;0.089;1.651;1.739;6.586;0;0.09;1.653;1.743;6.635;6.586;0.02;0;0;0;0
0.7;0;0.02;0;0;0;0.085;1.643;1.727;6.31;0;0.08;1.644;1.723;5.923;6.31;0.02;0;0;0;0
0.72;0;0.02;0;0;0;0.085;1.63;1.714;6.31;0;0.089;1.631;1.72;6.58;6.31;0.02;0;0;0;0
0.74;0;0.02;0;0;0;0.085;1.651;1.736;6.365;0;0.09;1.652;1.742;6.635;6.365;0.02;0;0;0;0
0.76;0;0.02;0;0;0;0.086;1.661;1.747;6.42;0;0.094;1.659;1.753;6.909;6.42;0.02;0;0;0;0
0.78;0;0.02;0;0;0;0.089;1.651;1.74;6.642;0;0.092;1.648;1.74;6.744;6.642;0.02;0;0;0;0
0.8;0;0.02;0;0;0;0.085;1.644;1.729;6.31;0;0.082;1.644;1.727;6.087;6.31;0.02;0;0;0;0
0.82;0;0.02;0;0;0;0.087;1.64;1.727;6.476;0;0.084;1.642;1.726;6.197;6.476;0.02;0;0;0;0
0.84;0;0.08;0;0;0;0.083;1.631;1.714;6.199;0;0.086;1.63;1.716;6.361;6.199;0.08;0;0;0;0
0.86;0;0.02;0;0;0;0.082;1.654;1.736;6.144;0;0.088;1.651;1.739;6.471;6.144;0.02;0;0;0;0
0.88;0;0.02;0;0;0;0.093;1.66;1.753;6.918;0;0.081;1.661;1.743;6.032;6.918;0.02;0;0;0;0
0.9;0;0.02;0;0;0;0.089;1.651;1.739;6.586;0;0.085;1.65;1.735;6.306;6.586;0.02;0;0;0;0
0.92;0;0.02;0;0;0;0.089;1.642;1.731;6.586;0;0.085;1.642;1.727;6.306;6.586;0.02;0;0;0;0
0.94;0;0.02;0;0;0;0.087;1.63;1.717;6.476;0;0.089;1.627;1.716;6.525;6.476;0.02;0;0;0;0
0.96;0;0.02;0;0;0;0.088;1.648;1.736;6.531;0;0.081;1.652;1.733;6.032;6.531;0.02;0;0;0;0
0.98;0;0.02;0;0;0;0.085;1.662;1.747;6.365;0;0.095;1.656;1.751;6.964;6.365;0.02;0;0;0;0
1;0;0.02;0;0;0;0.09;1.649;1.739;6.697;0;0.085;1.652;1.736;6.251;6.697;0.02;0;0;0;0
1.02;0;0.02;0;0;0;0.087;1.64;1.727;6.476;0;0.086;1.64;1.726;6.361;6.476;0.02;0;0;0;0
1.04;0;0.02;0;0;0;0.085;1.631;1.717;6.365;0;0.084;1.63;1.714;6.197;6.365;0.02;0;0;0;0
1.06;0;0.02;0;0;0;0.087;1.652;1.739;6.476;0;0.092;1.648;1.739;6.744;6.476;0.02;0;0;0;0
1.08;0;0.02;0;0;0;0.097;1.655;1.752;7.14;0;0.085;1.663;1.747;6.251;7.14;0.02;0;0;0;0
1.1;0;0.02;0;0;0;0.092;1.651;1.743;6.808;0;0.091;1.652;1.743;6.69;6.808;0.02;0;0;0;0
1.12;0;0.02;0;0;0;0.089;1.637;1.726;6.586;0;0.087;1.638;1.725;6.416;6.586;0.02;0;0;0;0
1.14;0;0.02;0;0;0;0.082;1.629;1.711;6.144;0;0.087;1.623;1.71;6.416;6.144;0.02;0;0;0;0
1.16;0;0.02;0;0;0;0.089;1.652;1.74;6.586;0;0.089;1.65;1.739;6.525;6.586;0.02;0;0;0;0
1.18;0;0.02;0;0;0;0.089;1.659;1.747;6.586;0;0.089;1.657;1.746;6.525;6.586;0.02;0;0;0;0
1.2;0;0.02;0;0;0;0.091;1.652;1.743;6.752;0;0.091;1.652;1.743;6.69;6.752;0.02;0;0;0;0
1.22;0;0.02;0;0;0;0.088;1.638;1.726;6.531;0;0.093;1.638;1.731;6.799;6.531;0.02;0;0;0;0
1.24;0;0.02;0;0;0;0.089;1.626;1.715;6.642;0;0.085;1.63;1.715;6.306;6.642;0.02;0;0;0;0
1.26;0;0.02;0;0;0;0.085;1.651;1.735;6.31;0;0.091;1.648;1.739;6.69;6.31;0.02;0;0;0;0
1.28;0;0.02;0;0;0;0.084;1.662;1.746;6.255;0;0.089;1.659;1.747;6.525;6.255;0.02;0;0;0;0
1.3;0;0.02;0;0;0;0.093;1.65;1.743;6.863;0;0.09;1.65;1.74;6.635;6.863;0.02;0;0;0;0
1.32;0;0.02;0;0;0;0.09;1.644;1.734;6.697;0;0.092;1.638;1.73;6.744;6.697;0.02;0;0;0;0
1.34;0;0.02;0;0;0;0.092;1.627;1.719;6.808;0;0.085;1.629;1.714;6.251;6.808;0.02;0;0;0;0
1.36;0;0.02;0;0;0;0.088;1.65;1.738;6.531;0;0.089;1.649;1.738;6.525;6.531;0.02;0;0;0;0
1.38;0;0.02;0;0;0;0.086;1.658;1.744;6.42;0;0.089;1.66;1.748;6.525;6.42;0.02;0;0;0;0
1.4;0;0.02;0;0;0;0.091;1.65;1.741;6.752;0;0.087;1.652;1.739;6.416;6.752;0.02;0;0;0;0
1.42;0;0.02;0;0;0;0.089;1.644;1.733;6.642;0;0.083;1.643;1.726;6.142;6.642;0.02;0;0;0;0
1.44;0;0.02;0;0;0;0.092;1.626;1.718;6.808;0;0.09;1.624;1.714;6.635;6.808;0.02;0;0;0;0
1.46;0;0.02;0;0;0;0.083;1.652;1.735;6.199;0;0.085;1.649;1.735;6.306;6.199;0.02;0;0;0;0
1.48;0;0.02;0;0;0;0.081;1.664;1.745;6.089;0;0.092;1.658;1.75;6.744;6.089;0.02;0;0;0;0
1.5;0;0.02;0;0;0;0.089;1.651;1.739;6.586;0;0.089;1.652;1.742;6.58;6.586;0.02;0;0;0;0
1.52;0;0.02;0;0;0;0.095;1.635;1.73;7.029;0;0.082;1.645;1.727;6.087;7.029;0.02;0;0;0;0
1.54;0;0.02;0;0;0;0.086;1.631;1.717;6.42;0;0.089;1.627;1.715;6.525;6.42;0.02;0;0;0;0
1.56;0;0.02;0;0;0;0.086;1.653;1.739;6.42;0;0.091;1.649;1.74;6.69;6.42;0.02;0;0;0;0
1.58;0;0.02;0;0;0;0.088;1.658;1.746;6.531;0;0.093;1.656;1.749;6.854;6.531;0.02;0;0;0;0
1.6;0;0.02;0;0;0;0.085;1.655;1.74;6.365;0;0.087;1.652;1.739;6.416;6.365;0.02;0;0;0;0
1.62;0;0.02;0;0;0;0.089;1.638;1.727;6.642;0;0.089;1.641;1.73;6.525;6.642;0.02;0;0;0;0
1.64;0;0.02;0;0;0;0.086;1.631;1.717;6.42;0;0.084;1.628;1.712;6.197;6.42;0.02;0;0;0;0
1.66;0;0.02;0;0;0;0.085;1.655;1.739;6.31;0;0.085;1.653;1.738;6.251;6.31;0.02;0;0;0;0
1.68;0;0.02;0;0;0;0.09;1.661;1.752;6.697;0;0.084;1.659;1.743;6.197;6.697;0.02;0;0;0;0
1.7;0;0.02;0;0;0;0.091;1.649;1.74;6.752;0;0.089;1.65;1.739;6.58;6.752;0.02;0;0;0;0
1.72;0;0.02;0;0;0;0.087;1.64;1.727;6.476;0;0.085;1.64;1.726;6.306;6.476;0.02;0;0;0;0
1.74;0;0.02;0;0;0;0.088;1.629;1.717;6.531;0;0.086;1.629;1.715;6.361;6.531;0.02;0;0;0;0
1.76;0;0.02;0;0;0;0.088;1.654;1.742;6.531;0;0.089;1.651;1.74;6.58;6.531;0.02;0;0;0;0
1.78;0;0.02;0;0;0;0.084;1.663;1.747;6.255;0;0.089;1.658;1.747;6.525;6.255;0.02;0;0;0;0
1.8;0;0.02;0;0;0;0.085;1.653;1.738;6.31;0;0.091;1.649;1.74;6.69;6.31;0.02;0;0;0;0
1.82;0;0.02;0;0;0;0.093;1.64;1.734;6.918;0;0.083;1.642;1.725;6.142;6.918;0.02;0;0;0;0
1.84;0;0.02;0;0;0;0.091;1.627;1.718;6.752;0;0.092;1.623;1.715;6.744;6.752;0.02;0;0;0;0
1.86;0;0.02;0;0;0;0.09;1.656;1.747;6.697;0;0.088;1.652;1.74;6.471;6.697;0.02;0;0;0;0
1.88;0;0.02;0;0;0;0.085;1.663;1.748;6.365;0;0.082;1.66;1.743;6.087;6.365;0.02;0;0;0;0
1.9;0;0.02;0;0;0;0.085;1.655;1.739;6.31;0;0.091;1.646;1.737;6.69;6.31;0.02;0;0;0;0
1.92;0;0.02;0;0;0;0.089;1.64;1.729;6.642;0;0.09;1.637;1.727;6.635;6.642;0.02;0;0;0;0
1.94;0;0.02;0;0;0;0.09;1.629;1.719;6.697;0;0.078;1.629;1.707;5.813;6.697;0.02;0;0;0;0
1.96;0;0.02;0;0;0;0.087;1.648;1.735;6.476;0;0.094;1.646;1.74;6.909;6.476;0.02;0;0;0;0
1.98;0;0.077;0;0;0;0.089;1.63;1.718;6.586;0;0.085;1.631;1.716;6.306;6.586;0.077;0;0;0;0
2;0;0.055;0;0;0;0.081;1.647;1.727;6.033;0;0.087;1.643;1.73;6.416;6.033;0.055;0;0;0;0
2.02;0;0.02;0;0;0;0.086;1.663;1.749;6.42;0;0.093;1.656;1.749;6.854;6.42;0.02;0;0;0;0
2.04;0;0.02;0;0;0;0.086;1.653;1.739;6.42;0;0.087;1.654;1.741;6.416;6.42;0.02;0;0;0;0
2.06;0;0.02;0;0;0;0.089;1.644;1.733;6.642;0;0.083;1.647;1.73;6.142;6.642;0.02;0;0;0;0
2.08;0;0.02;0;0;0;0.086;1.631;1.718;6.42;0;0.084;1.633;1.717;6.197;6.42;0.02;0;0;0;0
2.1;0;0.02;0;0;0;0.085;1.645;1.731;6.365;0;0.087;1.645;1.732;6.416;6.365;0.02;0;0;0;0
2.12;0;0.02;0;0;0;0.088;1.662;1.75;6.531;0;0.086;1.663;1.749;6.361;6.531;0.02;0;0;0;0
2.14;0;0.02;0;0;0;0.092;1.651;1.743;6.808;0;0.09;1.653;1.743;6.635;6.808;0.02;0;0;0;0
2.16;0;0.02;0;0;0;0.095;1.64;1.735;7.029;0;0.091;1.645;1.736;6.69;7.029;0.02;0;0;0;0
2.18;0;0.02;0;0;0;0.085;1.632;1.718;6.365;0;0.087;1.628;1.715;6.416;6.365;0.02;0;0;0;0
2.2;0;0.02;0;0;0;0.09;1.64;1.731;6.697;0;0.081;1.645;1.727;6.032;6.697;0.02;0;0;0;0
2.22;0;0.02;0;0;0;0.084;1.661;1.745;6.254;0;0.088;1.66;1.747;6.471;6.254;0.02;0;0;0;0
2.24;0;0.02;0;0;0;0.095;1.652;1.747;7.029;0;0.085;1.656;1.741;6.251;7.029;0.02;0;0;0;0
2.26;0;0.02;0;0;0;0.088;1.644;1.732;6.531;0;0.082;1.648;1.731;6.087;6.531;0.02;0;0;0;0
2.28;0;0.02;0;0;0;0.093;1.627;1.72;6.918;0;0.085;1.628;1.714;6.306;6.918;0.02;0;0;0;0
2.3;0;0.02;0;0;0;0.089;1.64;1.729;6.586;0;0.087;1.64;1.727;6.416;6.586;0.02;0;0;0;0
2.32;0;0.02;0;0;0;0.091;1.659;1.75;6.752;0;0.093;1.657;1.75;6.799;6.752;0.02;0;0;0;0
2.34;0;0.02;0;0;0;0.086;1.657;1.743;6.42;0;0.088;1.651;1.739;6.471;6.42;0.02;0;0;0;0
2.36;0;0.02;0;0;0;0.091;1.644;1.735;6.752;0;0.088;1.644;1.731;6.471;6.752;0.02;0;0;0;0
2.38;0;0.02;0;0;0;0.095;1.626;1.721;7.029;0;0.087;1.63;1.717;6.416;7.029;0.02;0;0;0;0
2.4;0;0.02;0;0;0;0.086;1.647;1.733;6.42;0;0.085;1.647;1.732;6.306;6.42;0.02;0;0;0;0
2.42;0;0.02;0;0;0;0.089;1.656;1.746;6.642;0;0.089;1.658;1.747;6.58;6.642;0.02;0;0;0;0
2.44;0;0.02;0;0;0;0.088;1.653;1.741;6.531;0;0.091;1.651;1.742;6.69;6.531;0.02;0;0;0;0
2.46;0;0.02;0;0;0;0.085;1.648;1.733;6.365;0;0.081;1.65;1.731;5.978;6.365;0.02;0;0;0;0
2.48;0;0.02;0;0;0;0.085;1.631;1.716;6.365;0;0.085;1.631;1.716;6.306;6.365;0.02;0;0;0;0
2.5;0;0.02;0;0;0;0.086;1.647;1.733;6.42;0;0.086;1.644;1.73;6.361;6.42;0.02;0;0;0;0
2.52;0;0.02;0;0;0;0.089;1.66;1.748;6.586;0;0.087;1.658;1.745;6.416;6.586;0.02;0;0;0;0
2.54;0;0.02;0;0;0;0.086;1.656;1.743;6.42;0;0.089;1.652;1.741;6.525;6.42;0.02;0;0;0;0
2.56;0;0.02;0;0;0;0.09;1.643;1.733;6.697;0;0.085;1.648;1.733;6.306;6.697;0.02;0;0;0;0
2.58;0;0.02;0;0;0;0.083;1.634;1.717;6.199;0;0.087;1.629;1.716;6.416;6.199;0.02;0;0;0;0
2.6;0;0.02;0;0;0;0.085;1.648;1.733;6.365;0;0.088;1.647;1.735;6.471;6.365;0.02;0;0;0;0
2.62;0;0.02;0;0;0;0.088;1.66;1.748;6.531;0;0.087;1.66;1.747;6.416;6.531;0.02;0;0;0;0
2.64;0;0.02;0;0;0;0.089;1.652;1.741;6.586;0;0.085;1.656;1.741;6.306;6.586;0.02;0;0;0;0
2.66;0;0.02;0;0;0;0.09;1.643;1.733;6.697;0;0.091;1.644;1.735;6.69;6.697;0.02;0;0;0;0
2.68;0;0.02;0;0;0;0.084;1.633;1.717;6.254;0;0.09;1.631;1.721;6.635;6.254;0.02;0;0;0;0
2.7;0;0.02;0;0;0;0.085;1.644;1.73;6.365;0;0.087;1.644;1.731;6.416;6.365;0.02;0;0;0;0
2.72;0;0.02;0;0;0;0.086;1.661;1.747;6.42;0;0.085;1.661;1.747;6.306;6.42;0.02;0;0;0;0
2.74;0;0.02;0;0;0;0.089;1.654;1.743;6.642;0;0.09;1.652;1.743;6.635;6.642;0.02;0;0;0;0
2.76;0;0.02;0;0;0;0.086;1.641;1.727;6.42;0;0.086;1.645;1.731;6.361;6.42;0.02;0;0;0;0
2.78;0;0.02;0;0;0;0.091;1.627;1.718;6.752;0;0.091;1.63;1.721;6.69;6.752;0.02;0;0;0;0
2.8;0;0.02;0;0;0;0.085;1.646;1.731;6.365;0;0.084;1.648;1.731;6.197;6.365;0.02;0;0;0;0
2.82;0;0.02;0;0;0;0.085;1.659;1.744;6.365;0;0.088;1.66;1.748;6.471;6.365;0.02;0;0;0;0
2.84;0;0.02;0;0;0;0.09;1.656;1.746;6.697;0;0.089;1.654;1.743;6.58;6.697;0.02;0;0;0;0
2.86;0;0.02;0;0;0;0.089;1.642;1.731;6.586;0;0.087;1.643;1.73;6.416;6.586;0.02;0;0;0;0
2.88;0;0.02;0;0;0;0.087;1.633;1.72;6.476;0;0.085;1.635;1.721;6.306;6.476;0.02;0;0;0;0
2.9;0;0.02;0;0;0;0.087;1.646;1.733;6.476;0;0.086;1.647;1.733;6.361;6.476;0.02;0;0;0;0
2.92;0;0.02;0;0;0;0.086;1.66;1.746;6.42;0;0.086;1.66;1.746;6.361;6.42;0.02;0;0;0;0
2.94;0;0.02;0;0;0;0.088;1.659;1.747;6.531;0;0.084;1.656;1.74;6.197;6.531;0.02;0;0;0;0
2.96;0;0.02;0;0;0;0.092;1.646;1.738;6.808;0;0.091;1.643;1.734;6.69;6.808;0.02;0;0;0;0
2.98;0;0.02;0;0;0;0.091;1.628;1.719;6.752;0;0.083;1.634;1.717;6.142;6.752;0.02;0;0;0;0
3;0;0.02;0;0;0;0.089;1.646;1.735;6.586;0;0.081;1.649;1.73;5.978;6.586;0.02;0;0;0;0
3.02;0;0.02;0;0;0;0.089;1.66;1.749;6.642;0;0.083;1.663;1.746;6.142;6.642;0.02;0;0;0;0
3.04;0;0.02;0;0;0;0.088;1.656;1.743;6.531;0;0.09;1.652;1.743;6.635;6.531;0.02;0;0;0;0
3.06;0;0.02;0;0;0;0.093;1.64;1.733;6.863;0;0.089;1.64;1.729;6.58;6.863;0.02;0;0;0;0
3.08;0;0.087;0;0;0;0.093;1.627;1.72;6.863;0;0.087;1.628;1.715;6.416;6.863;0.087;0;0;0;0
3.1;0;0.02;0;0;0;0.085;1.651;1.736;6.365;0;0.09;1.648;1.739;6.635;6.365;0.02;0;0;0;0
3.12;0;0.02;0;0;0;0.086;1.66;1.746;6.42;0;0.089;1.658;1.747;6.525;6.42;0.02;0;0;0;0
3.14;0;0.02;0;0;0;0.093;1.653;1.746;6.863;0;0.093;1.652;1.746;6.854;6.863;0.02;0;0;0;0
3.16;0;0.02;0;0;0;0.085;1.646;1.731;6.31;0;0.088;1.646;1.734;6.471;6.31;0.02;0;0;0;0
3.18;0;0.02;0;0;0;0.093;1.623;1.716;6.863;0;0.085;1.631;1.717;6.306;6.863;0.02;0;0;0;0
3.2;0;0.02;0;0;0;0.085;1.648;1.733;6.365;0;0.082;1.652;1.735;6.087;6.365;0.02;0;0;0;0
3.22;0;0.02;0;0;0;0.089;1.66;1.749;6.642;0;0.084;1.66;1.744;6.197;6.642;0.02;0;0;0;0
3.24;0;0.02;0;0;0;0.087;1.658;1.745;6.476;0;0.085;1.653;1.738;6.251;6.476;0.02;0;0;0;0
3.26;0;0.02;0;0;0;0.088;1.642;1.73;6.531;0;0.087;1.643;1.73;6.416;6.531;0.02;0;0;0;0
3.28;0;0.02;0;0;0;0.084;1.633;1.717;6.254;0;0.087;1.634;1.721;6.416;6.254;0.02;0;0;0;0
3.3;0;0.02;0;0;0;0.083;1.65;1.733;6.199;0;0.086;1.646;1.732;6.361;6.199;0.02;0;0;0;0
3.32;0;0.02;0;0;0;0.089;1.66;1.749;6.642;0;0.086;1.66;1.746;6.361;6.642;0.02;0;0;0;0
3.34;0;0.02;0;0;0;0.091;1.652;1.743;6.752;0;0.09;1.651;1.741;6.635;6.752;0.02;0;0;0;0
3.36;0;0.02;0;0;0;0.086;1.643;1.729;6.42;0;0.085;1.643;1.727;6.251;6.42;0.02;0;0;0;0
3.38;0;0.02;0;0;0;0.09;1.627;1.718;6.697;0;0.087;1.627;1.714;6.416;6.697;0.02;0;0;0;0
3.4;0;0.02;0;0;0;0.086;1.649;1.735;6.42;0;0.083;1.653;1.736;6.142;6.42;0.02;0;0;0;0
3.42;0;0.02;0;0;0;0.083;1.66;1.743;6.199;0;0.089;1.659;1.747;6.525;6.199;0.02;0;0;0;0
3.44;0;0.02;0;0;0;0.085;1.655;1.74;6.365;0;0.091;1.651;1.742;6.69;6.365;0.02;0;0;0;0
3.46;0;0.02;0;0;0;0.09;1.641;1.731;6.697;0;0.09;1.642;1.732;6.635;6.697;0.02;0;0;0;0
3.48;0;0.02;0;0;0;0.083;1.631;1.714;6.199;0;0.085;1.631;1.715;6.251;6.199;0.02;0;0;0;0
3.5;0;0.02;0;0;0;0.09;1.649;1.739;6.697;0;0.091;1.65;1.741;6.69;6.697;0.02;0;0;0;0
3.52;0;0.02;0;0;0;0.087;1.66;1.747;6.476;0;0.083;1.664;1.747;6.142;6.476;0.02;0;0;0;0
3.54;0;0.02;0;0;0;0.089;1.652;1.74;6.586;0;0.084;1.655;1.739;6.197;6.586;0.02;0;0;0;0
3.56;0;0.02;0;0;0;0.084;1.65;1.734;6.255;0;0.088;1.639;1.727;6.471;6.255;0.02;0;0;0;0
3.58;0;0.02;0;0;0;0.09;1.631;1.721;6.697;0;0.085;1.631;1.716;6.306;6.697;0.02;0;0;0;0
3.6;0;0.02;0;0;0;0.093;1.646;1.739;6.863;0;0.089;1.648;1.738;6.58;6.863;0.02;0;0;0;0
3.62;0;0.02;0;0;0;0.091;1.656;1.747;6.752;0;0.09;1.657;1.747;6.635;6.752;0.02;0;0;0;0
3.64;0;0.02;0;0;0;0.095;1.652;1.747;7.029;0;0.091;1.651;1.742;6.69;7.029;0.02;0;0;0;0
3.66;0;0.02;0;0;0;0.085;1.645;1.731;6.365;0;0.087;1.64;1.727;6.416;6.365;0.02;0;0;0;0
3.68;0;0.02;0;0;0;0.085;1.628;1.713;6.31;0;0.09;1.623;1.714;6.635;6.31;0.02;0;0;0;0
3.7;0;0.02;0;0;0;0.085;1.648;1.734;6.365;0;0.084;1.652;1.735;6.197;6.365;0.02;0;0;0;0
3.72;0;0.02;0;0;0;0.088;1.662;1.75;6.531;0;0.087;1.661;1.748;6.416;6.531;0.02;0;0;0;0
3.74;0;0.02;0;0;0;0.094;1.649;1.743;6.974;0;0.097;1.646;1.743;7.128;6.974;0.02;0;0;0;0
3.76;0;0.02;0;0;0;0.086;1.644;1.73;6.42;0;0.088;1.642;1.73;6.471;6.42;0.02;0;0;0;0
3.78;0;0.02;0;0;0;0.085;1.634;1.718;6.31;0;0.085;1.629;1.714;6.251;6.31;0.02;0;0;0;0
3.8;0;0.02;0;0;0;0.093;1.648;1.74;6.863;0;0.087;1.649;1.736;6.416;6.863;0.02;0;0;0;0
3.82;0;0.02;0;0;0;0.088;1.66;1.748;6.531;0;0.095;1.654;1.749;6.964;6.531;0.02;0;0;0;0
3.84;0;0.02;0;0;0;0.089;1.654;1.743;6.586;0;0.086;1.655;1.741;6.361;6.586;0.02;0;0;0;0
3.86;0;0.02;0;0;0;0.093;1.643;1.735;6.863;0;0.087;1.642;1.729;6.416;6.863;0.02;0;0;0;0
3.88;0;0.02;0;0;0;0.091;1.627;1.718;6.752;0;0.085;1.632;1.718;6.306;6.752;0.02;0;0;0;0
3.9;0;0.02;0;0;0;0.088;1.649;1.737;6.531;0;0.093;1.648;1.741;6.799;6.531;0.02;0;0;0;0
3.92;0;0.02;0;0;0;0.09;1.659;1.749;6.697;0;0.089;1.662;1.752;6.58;6.697;0.02;0;0;0;0
3.94;0;0.02;0;0;0;0.089;1.654;1.743;6.586;0;0.082;1.657;1.739;6.087;6.586;0.02;0;0;0;0
3.96;0;0.02;0;0;0;0.091;1.642;1.733;6.752;0;0.091;1.643;1.734;6.69;6.752;0.02;0;0;0;0
3.98;0;0.02;0;0;0;0.09;1.631;1.721;6.697;0;0.085;1.631;1.716;6.306;6.697;0.02;0;0;0;0
4;0;0.02;0;0;0;0.094;1.649;1.743;6.974;0;0.093;1.648;1.74;6.799;6.974;0.02;0;0;0;0
4.02;0;0.02;0;0;0;0.093;1.655;1.748;6.918;0;0.091;1.656;1.747;6.69;6.918;0.02;0;0;0;0
4.04;0;0.02;0;0;0;0.089;1.652;1.742;6.642;0;0.089;1.653;1.742;6.525;6.642;0.02;0;0;0;0
4.06;0;0.02;0;0;0;0.093;1.638;1.731;6.863;0;0.087;1.644;1.731;6.416;6.863;0.02;0;0;0;0
4.08;0;0.02;0;0;0;0.084;1.631;1.715;6.254;0;0.085;1.631;1.715;6.251;6.254;0.02;0;0;0;0
4.1;0;0.02;0;0;0;0.087;1.651;1.738;6.476;0;0.09;1.649;1.739;6.635;6.476;0.02;0;0;0;0
4.12;0;0.02;0;0;0;0.086;1.661;1.747;6.42;0;0.093;1.657;1.75;6.799;6.42;0.02;0;0;0;0
4.14;0;0.02;0;0;0;0.092;1.651;1.743;6.808;0;0.087;1.656;1.743;6.416;6.808;0.02;0;0;0;0
4.16;0;0.02;0;0;0;0.099;1.75;1.849;7.306;0;0.092;1.751;1.843;6.744;7.306;0.02;0;0;0;0
4.18;0;0.02;0;0;0;0.132;1.897;2.029;9.574;0;0.108;1.902;2.01;7.84;9.574;0.02;0;0;0;0
4.2;0;0.02;0;0;0;0.35;2.213;2.564;24.569;0;0.295;2.206;2.501;20.548;24.569;0.02;0;0;0;0
4.22;0;0.081;0;0;0;0.404;2.235;2.639;28.221;0;0.341;2.237;2.577;23.67;28.221;0.081;0;0;0;0
4.24;0;0.02;0;0;0;0.461;2.274;2.735;32.15;0;0.402;2.276;2.678;27.833;32.15;0.02;0;0;0;0
4.26;0;0.02;0;0;0;0.524;2.298;2.822;36.521;0;0.455;2.299;2.754;31.448;36.521;0.02;0;0;0;0
4.28;0;0.02;0;0;0;0.578;2.236;2.814;40.228;0;0.515;2.231;2.746;35.502;40.228;0.02;0;0;0;0
4.3;0;0.02;0;0;0;0.64;2.21;2.85;44.433;0;0.562;2.218;2.78;38.733;44.433;0.02;0;0;0;0
4.32;0;0.02;0;0;0;0.68;2.253;2.933;47.2;0;0.614;2.249;2.863;42.239;47.2;0.02;0;0;0;0
4.34;0;0.02;0;0;0;0.732;2.277;3.009;50.797;0;0.671;2.279;2.95;46.128;50.797;0.02;0;0;0;0
4.36;0;0.02;0;0;0;0.794;2.245;3.038;55.002;0;0.719;2.249;2.969;49.415;55.002;0.02;0;0;0;0
4.38;0;0.02;0;0;0;0.848;2.227;3.074;58.709;0;0.773;2.228;3.001;53.03;58.709;0.02;0;0;0;0
4.4;0;0.02;0;0;0;0.898;2.216;3.114;62.14;0;0.822;2.22;3.042;56.371;62.14;0.02;0;0;0;0
4.42;0;0.02;0;0;0;0.941;2.186;3.127;65.127;0;0.867;2.187;3.053;59.439;65.127;0.02;0;0;0;0
4.44;0;0.02;0;0;0;0.985;2.155;3.14;68.171;0;0.917;2.154;3.07;62.835;68.171;0.02;0;0;0;0
4.46;0;0.02;0;0;0;1.023;2.126;3.149;70.771;0;0.964;2.12;3.084;66.066;70.771;0.02;0;0;0;0
4.48;0;0.02;0;0;0;1.066;2.094;3.16;73.704;0;0.996;2.095;3.091;68.203;73.704;0.02;0;0;0;0
4.5;0;0.02;0;0;0;1.092;2.078;3.169;75.475;0;1.03;2.074;3.103;70.503;75.475;0.02;0;0;0;0
4.52;0;0.02;0;0;0;1.133;2.046;3.179;78.296;0;1.063;2.053;3.116;72.749;78.296;0.02;0;0;0;0
4.54;0;0.02;0;0;0;1.159;2.026;3.186;80.122;0;1.099;2.025;3.124;75.214;80.122;0.02;0;0;0;0
4.56;0;0.02;0;0;0;1.191;1.999;3.19;82.28;0;1.13;2.001;3.132;77.35;82.28;0.02;0;0;0;0
4.58;0;0.02;0;0;0;1.216;1.981;3.197;83.996;0;1.16;1.982;3.142;79.377;83.996;0.02;0;0;0;0
4.6;0;0.02;0;0;0;1.237;1.966;3.203;85.49;0;1.188;1.962;3.15;81.294;85.49;0.02;0;0;0;0
4.62;0;0.02;0;0;0;1.262;1.952;3.214;87.15;0;1.208;1.949;3.157;82.663;87.15;0.02;0;0;0;0
4.64;0;0.02;0;0;0;1.288;1.93;3.218;88.975;0;1.238;1.929;3.166;84.635;88.975;0.02;0;0;0;0
4.66;0;0.02;0;0;0;1.305;1.914;3.219;90.137;0;1.259;1.91;3.169;86.114;90.137;0.02;0;0;0;0
4.68;0;0.02;0;0;0;1.327;1.896;3.223;91.631;0;1.278;1.894;3.172;87.374;91.631;0.02;0;0;0;0
4.7;0;0.02;0;0;0;1.342;1.887;3.229;92.683;0;1.3;1.887;3.187;88.908;92.683;0.02;0;0;0;0
4.72;0;0.02;0;0;0;1.356;1.874;3.23;93.623;0;1.32;1.875;3.195;90.277;93.623;0.02;0;0;0;0
4.74;0;0.02;0;0;0;1.37;1.861;3.232;94.619;0;1.334;1.864;3.198;91.208;94.619;0.02;0;0;0;0
4.76;0;0.02;0;0;0;1.387;1.848;3.235;95.726;0;1.362;1.848;3.21;93.071;95.726;0.02;0;0;0;0
4.78;0;0.02;0;0;0;1.398;1.837;3.235;96.501;0;1.362;1.839;3.201;93.126;96.501;0.02;0;0;0;0
4.8;0;0.02;0;0;0;1.41;1.831;3.241;97.331;0;1.382;1.829;3.211;94.44;97.331;0.02;0;0;0;0
4.82;0;0.02;0;0;0;1.42;1.825;3.245;98.05;0;1.394;1.824;3.218;95.262;98.05;0.02;0;0;0;0
4.84;0;0.02;0;0;0;1.436;1.812;3.248;99.101;0;1.414;1.81;3.223;96.631;99.101;0.02;0;0;0;0
4.86;0;0.02;0;0;0;1.444;1.805;3.248;99.654;0;1.419;1.802;3.221;96.96;99.654;0.02;0;0;0;0
4.88;0;0.02;0;0;0;1.457;1.793;3.25;100.595;0;1.429;1.795;3.224;97.672;100.595;0.02;1;0;0;0
4.9;0;0.02;0;0;0;1.467;1.788;3.255;101.259;0;1.445;1.785;3.23;98.768;101.259;0.02;1;0;0;0
4.92;0;0.02;0;0;0;1.473;1.785;3.258;101.646;0;1.451;1.785;3.236;99.151;101.646;0.02;1;0;0;0
4.94;0;0.02;0;0;0;1.482;1.776;3.257;102.255;0;1.458;1.775;3.233;99.644;102.255;0.02;1;0;0;0
4.96;0;0.02;0;0;0;1.492;1.769;3.261;102.974;0;1.466;1.768;3.235;100.192;102.974;0.02;1;0;1;0
4.98;0;0.02;0;0;0;1.486;1.763;3.249;102.587;0;1.478;1.761;3.239;100.959;102.587;0.02;1;0;1;0
5;0;0.02;0;0;0;1.495;1.764;3.258;103.14;0;1.479;1.76;3.24;101.068;103.14;0.02;1;0;1;0
5.02;0;0.02;0;0;0;1.503;1.756;3.259;103.749;0;1.49;1.756;3.245;101.78;103.749;0.02;1;0;1;0
5.04;0;0.02;0;0;0;1.503;1.755;3.258;103.749;0;1.499;1.75;3.248;102.383;103.749;0.02;1;0;1;0
5.06;0;0.02;0;0;0;1.519;1.747;3.266;104.856;0;1.499;1.744;3.244;102.437;104.856;0.02;1;0;1;0
5.08;0;0.02;0;0;0;1.525;1.739;3.265;105.243;0;1.509;1.736;3.245;103.095;105.243;0.02;1;0;1;0
5.1;0;0.02;0;0;0;1.527;1.709;3.236;105.354;0;1.519;1.711;3.23;103.752;105.354;0.02;1;0;1;0
5.12;0;0.02;0;0;0;1.522;1.642;3.164;105.022;0;1.528;1.64;3.167;104.355;105.022;0.02;1;0;1;0
5.14;0;0.02;0;0;0;1.512;1.65;3.162;104.358;0;1.519;1.647;3.166;103.807;104.358;0.02;1;0;1;0
5.16;0;0.02;0;0;0;1.501;1.612;3.113;103.583;0;1.519;1.613;3.132;103.807;103.583;0.02;1;0;1;0
5.18;0;0.02;0;0;0;1.497;1.624;3.121;103.306;0;1.507;1.624;3.131;102.93;103.306;0.02;1;0;1;0
5.2;0;0.02;0;0;0;1.482;1.627;3.109;102.31;0;1.507;1.626;3.132;102.93;102.31;0.02;1;0;1;0
5.22;0;0.02;0;0;0;1.478;1.643;3.12;101.978;0;1.499;1.64;3.138;102.383;101.978;0.02;1;0;1;0
5.24;0;0.02;0;0;0;1.474;1.652;3.126;101.702;0;1.491;1.656;3.148;101.89;101.702;0.02;1;0;1;0
5.26;0;0.02;0;0;0;1.474;1.64;3.114;101.702;0;1.493;1.636;3.129;101.999;101.702;0.02;1;0;1;0
5.28;0;0.02;0;0;0;1.461;1.644;3.105;100.872;0;1.483;1.643;3.126;101.342;100.872;0.02;1;0;1;0
5.3;0;0.02;0;0;0;1.459;1.643;3.102;100.706;0;1.487;1.646;3.133;101.616;100.706;0.02;1;0;1;0
5.32;0;0.02;0;0;0;1.455;1.66;3.115;100.429;0;1.481;1.659;3.14;101.178;100.429;0.02;1;0;1;0
5.34;0;0.02;0;0;0;1.449;1.655;3.103;99.986;0;1.476;1.651;3.127;100.849;99.986;0.02;0;0;1;0
5.36;0;0.079;0;0;0;1.447;1.665;3.111;99.876;0;1.465;1.663;3.128;100.082;99.876;0.079;0;0;1;0
5.38;0;0.019;0;0;0;1.444;1.673;3.116;99.654;0;1.462;1.673;3.135;99.918;99.654;0.019;0;0;0;0
5.4;0;0.02;0;0;0;1.448;1.673;3.12;99.931;0;1.464;1.671;3.135;100.027;99.931;0.02;0;0;1;0
5.42;0;0.02;0;0;0;1.445;1.665;3.11;99.765;0;1.461;1.663;3.124;99.863;99.765;0.02;0;0;0;0
5.44;0;0.02;0;0;0;1.444;1.656;3.099;99.654;0;1.457;1.66;3.117;99.589;99.654;0.02;0;0;0;0
5.46;0;0.02;0;0;0;1.439;1.667;3.106;99.323;0;1.454;1.67;3.124;99.37;99.323;0.02;0;0;0;0
5.48;0;0.02;0;0;0;1.436;1.683;3.119;99.101;0;1.459;1.678;3.137;99.699;99.101;0.02;0;0;0;0
5.5;0;0.02;0;0;0;1.436;1.681;3.118;99.157;0;1.454;1.679;3.133;99.37;99.157;0.02;0;0;0;0
5.52;0;0.02;0;0;0;1.441;1.665;3.107;99.489;0;1.457;1.665;3.122;99.589;99.489;0.02;0;0;0;0
5.54;0;0.02;0;0;0;1.443;1.66;3.103;99.599;0;1.454;1.667;3.121;99.37;99.599;0.02;0;0;0;0
5.56;0;0.02;0;0;0;1.436;1.67;3.107;99.157;0;1.458;1.671;3.129;99.644;99.157;0.02;0;0;0;0
5.58;0;0.02;0;0;0;1.445;1.678;3.123;99.71;0;1.453;1.685;3.138;99.315;99.71;0.02;0;0;0;0
5.6;0;0.02;0;0;0;1.432;1.681;3.113;98.825;0;1.451;1.681;3.132;99.151;98.825;0.02;0;0;0;0
5.62;0;0.02;0;0;0;1.434;1.672;3.106;98.991;0;1.453;1.666;3.119;99.261;98.991;0.02;0;0;0;0
5.64;0;0.02;0;0;0;1.433;1.666;3.099;98.935;0;1.451;1.669;3.12;99.151;98.935;0.02;0;0;0;0
5.66;0;0.02;0;0;0;1.435;1.674;3.109;99.046;0;1.451;1.673;3.124;99.151;99.046;0.02;0;0;0;0
5.68;0;0.02;0;0;0;1.431;1.691;3.122;98.769;0;1.448;1.686;3.134;98.932;98.769;0.02;0;0;0;0
5.7;0;0.02;0;0;0;1.441;1.681;3.122;99.489;0;1.456;1.677;3.133;99.48;99.489;0.02;0;0;0;0
5.72;0;0.02;0;0;0;1.43;1.673;3.103;98.714;0;1.447;1.676;3.123;98.877;98.714;0.02;0;0;0;0
5.74;0;0.02;0;0;0;1.432;1.67;3.102;98.825;0;1.453;1.665;3.118;99.315;98.825;0.02;0;0;0;0
5.76;0;0.02;0;0;0;1.439;1.673;3.112;99.322;0;1.45;1.676;3.126;99.096;99.322;0.02;0;0;0;0
5.78;0;0.02;0;0;0;1.443;1.685;3.128;99.599;0;1.448;1.691;3.139;98.932;99.599;0.02;0;0;0;0
5.8;0;0.02;0;0;0;1.43;1.682;3.112;98.714;0;1.447;1.681;3.128;98.877;98.714;0.02;0;0;0;0
5.82;0;0.02;0;0;0;1.435;1.673;3.107;99.046;0;1.454;1.67;3.124;99.37;99.046;0.02;0;0;0;0
5.84;0;0.02;0;0;0;1.432;1.67;3.103;98.88;0;1.446;1.668;3.114;98.822;98.88;0.02;0;0;0;0
5.86;0;0.02;0;0;0;1.434;1.681;3.115;98.991;0;1.449;1.676;3.125;99.041;98.991;0.02;0;0;0;0
5.88;0;0.02;0;0;0;1.434;1.689;3.123;98.991;0;1.448;1.689;3.136;98.932;98.991;0.02;0;0;0;0
5.9;0;0.02;0;0;0;1.436;1.682;3.119;99.157;0;1.452;1.681;3.132;99.206;99.157;0.02;0;0;0;0
5.92;0;0.02;0;0;0;1.433;1.67;3.103;98.935;0;1.449;1.673;3.121;98.987;98.935;0.02;0;0;0;0
5.94;0;0.02;0;0;0;1.437;1.669;3.107;99.212;0;1.445;1.671;3.116;98.713;99.212;0.02;0;0;0;0
5.96;0;0.02;0;0;0;1.431;1.678;3.109;98.769;0;1.445;1.678;3.123;98.713;98.769;0.02;0;0;0;0
5.98;0;0.02;0;0;0;1.428;1.692;3.12;98.603;0;1.448;1.686;3.134;98.932;98.603;0.02;0;0;0;0
6;0;0.02;0;0;0;1.433;1.686;3.12;98.935;0;1.453;1.679;3.132;99.315;98.935;0.02;0;0;0;0
6.02;0;0.02;0;0;0;1.432;1.673;3.106;98.88;0;1.45;1.673;3.123;99.096;98.88;0.02;0;0;0;0
6.04;0;0.02;0;0;0;1.445;1.666;3.111;99.71;0;1.45;1.669;3.12;99.096;99.71;0.02;0;0;0;0
6.06;0;0.02;0;0;0;1.436;1.676;3.111;99.101;0;1.457;1.671;3.128;99.534;99.101;0.02;0;0;0;0
6.08;0;0.02;0;0;0;1.434;1.688;3.122;98.991;0;1.449;1.69;3.139;98.987;98.991;0.02;0;0;0;0
6.1;0;0.02;0;0;0;1.426;1.689;3.115;98.437;0;1.447;1.682;3.129;98.877;98.437;0.02;0;0;0;0
6.12;0;0.02;0;0;0;1.432;1.674;3.106;98.825;0;1.449;1.674;3.123;98.987;98.825;0.02;0;0;0;0
6.14;0;0.02;0;0;0;1.431;1.67;3.101;98.769;0;1.457;1.665;3.123;99.589;98.769;0.02;0;0;0;0
6.16;0;0.02;0;0;0;1.438;1.676;3.114;99.267;0;1.449;1.677;3.125;98.987;99.267;0.02;0;0;0;0
6.18;0;0.02;0;0;0;1.432;1.689;3.122;98.88;0;1.44;1.694;3.133;98.384;98.88;0.02;0;0;0;0
6.2;0;0.02;0;0;0;1.424;1.688;3.112;98.327;0;1.449;1.681;3.13;99.041;98.327;0.02;0;0;0;0
6.22;0;0.02;0;0;0;1.433;1.673;3.106;98.935;0;1.453;1.672;3.124;99.26;98.935;0.02;0;0;0;0
6.24;0;0.02;0;0;0;1.432;1.674;3.107;98.88;0;1.445;1.673;3.119;98.768;98.88;0.02;0;0;0;0
6.26;0;0.02;0;0;0;1.426;1.682;3.108;98.437;0;1.444;1.679;3.123;98.658;98.437;0.02;0;0;0;0
6.28;0;0.02;0;0;0;1.429;1.689;3.118;98.659;0;1.443;1.688;3.131;98.603;98.659;0.02;0;0;0;0
6.3;0;0.02;0;0;0;1.435;1.681;3.116;99.046;0;1.452;1.678;3.13;99.206;99.046;0.02;0;0;0;0
6.32;0;0.02;0;0;0;1.435;1.673;3.107;99.046;0;1.449;1.672;3.121;99.041;99.046;0.02;0;0;0;0
6.34;0;0.02;0;0;0;1.431;1.669;3.099;98.769;0;1.456;1.667;3.123;99.48;98.769;0.02;0;0;0;0
6.36;0;0.02;0;0;0;1.436;1.675;3.111;99.157;0;1.447;1.681;3.128;98.877;99.157;0.02;0;0;0;0
6.38;0;0.02;0;0;0;1.432;1.685;3.118;98.88;0;1.449;1.685;3.135;99.041;98.88;0.02;0;0;0;0
6.4;0;0.02;0;0;0;1.428;1.684;3.112;98.603;0;1.444;1.682;3.126;98.658;98.603;0.02;0;0;0;0
6.42;0;0.02;0;0;0;1.429;1.673;3.102;98.659;0;1.456;1.667;3.123;99.48;98.659;0.02;0;0;0;0
6.44;0;0.02;0;0;0;1.429;1.67;3.099;98.659;0;1.446;1.669;3.116;98.822;98.659;0.02;0;0;0;0
6.46;0;0.02;0;0;0;1.435;1.679;3.114;99.046;0;1.446;1.68;3.126;98.822;99.046;0.02;0;0;0;0
6.48;0;0.02;0;0;0;1.43;1.677;3.107;98.714;0;1.449;1.673;3.122;99.041;98.714;0.02;0;0;0;0
6.5;0;0.082;0;0;0;1.432;1.689;3.12;98.825;0;1.445;1.686;3.131;98.713;98.825;0.082;0;0;0;0
6.52;0;0.02;0;0;0;1.435;1.684;3.119;99.046;0;1.448;1.689;3.136;98.932;99.046;0.02;0;0;0;0
6.54;0;0.02;0;0;0;1.442;1.674;3.116;99.544;0;1.446;1.675;3.121;98.822;99.544;0.02;0;0;0;0
6.56;0;0.02;0;0;0;1.439;1.669;3.107;99.323;0;1.449;1.667;3.116;99.041;99.323;0.02;0;0;0;0
6.58;0;0.02;0;0;0;1.43;1.677;3.107;98.714;0;1.448;1.671;3.119;98.932;98.714;0.02;0;0;0;0
6.6;0;0.02;0;0;0;1.435;1.687;3.122;99.046;0;1.447;1.684;3.131;98.877;99.046;0.02;0;0;0;0
6.62;0;0.02;0;0;0;1.435;1.683;3.118;99.046;0;1.448;1.688;3.136;98.932;99.046;0.02;0;0;0;0
6.64;0;0.02;0;0;0;1.434;1.677;3.111;98.991;0;1.441;1.677;3.118;98.494;98.991;0.02;0;0;0;0
6.66;0;0.02;0;0;0;1.435;1.665;3.1;99.046;0;1.454;1.665;3.12;99.37;99.046;0.02;0;0;0;0
6.68;0;0.02;0;0;0;1.432;1.676;3.108;98.88;0;1.445;1.674;3.119;98.713;98.88;0.02;0;0;0;0
6.7;0;0.02;0;0;0;1.434;1.685;3.12;98.991;0;1.447;1.687;3.134;98.877;98.991;0.02;0;0;0;0
6.72;0;0.02;0;0;0;1.432;1.685;3.117;98.88;0;1.45;1.681;3.132;99.096;98.88;0.02;0;0;0;0
6.74;0;0.02;0;0;0;1.432;1.681;3.113;98.825;0;1.445;1.676;3.12;98.713;98.825;0.02;0;0;0;0
6.76;0;0.02;0;0;0;1.432;1.669;3.1;98.825;0;1.445;1.668;3.113;98.768;98.825;0.02;0;0;0;0
6.78;0;0.02;0;0;0;1.439;1.674;3.113;99.323;0;1.449;1.673;3.123;99.041;99.323;0.02;0;0;0;0
6.8;0;0.02;0;0;0;1.438;1.683;3.121;99.267;0;1.447;1.686;3.133;98.877;99.267;0.02;0;0;0;0
6.82;0;0.02;0;0;0;1.428;1.689;3.117;98.548;0;1.446;1.682;3.128;98.822;98.548;0.02;0;0;0;0
6.84;0;0.02;0;0;0;1.433;1.676;3.109;98.935;0;1.454;1.673;3.128;99.37;98.935;0.02;0;0;0;0
6.86;0;0.02;0;0;0;1.429;1.669;3.098;98.659;0;1.448;1.666;3.114;98.932;98.659;0.02;0;0;0;0
6.88;0;0.02;0;0;0;1.432;1.675;3.107;98.825;0;1.453;1.67;3.123;99.261;98.825;0.02;0;0;0;0
6.9;0;0.02;0;0;0;1.429;1.689;3.119;98.659;0;1.449;1.683;3.132;98.987;98.659;0.02;0;0;0;0
6.92;0;0.02;0;0;0;1.44;1.687;3.127;99.378;0;1.447;1.685;3.132;98.877;99.378;0.02;0;0;0;0
6.94;0;0.02;0;0;0;1.439;1.675;3.114;99.323;0;1.449;1.677;3.126;98.987;99.323;0.02;0;0;0;0
6.96;0;0.02;0;0;0;1.438;1.666;3.104;99.267;0;1.446;1.669;3.116;98.822;99.267;0.02;0;0;0;0
6.98;0;0.02;0;0;0;1.439;1.673;3.111;99.323;0;1.449;1.674;3.124;99.041;99.323;0.02;0;0;0;0
7;0;0.02;0;0;0;1.434;1.69;3.124;98.991;0;1.449;1.686;3.136;99.041;98.991;0.02;0;0;0;0
7.02;0;0.02;0;0;0;1.436;1.681;3.118;99.157;0;1.449;1.685;3.134;99.041;99.157;0.02;0;0;0;0
7.04;0;0.02;0;0;0;1.434;1.675;3.109;98.991;0;1.445;1.673;3.118;98.713;98.991;0.02;0;0;0;0
7.06;0;0.02;0;0;0;1.436;1.67;3.106;99.101;0;1.452;1.667;3.119;99.206;99.101;0.02;0;0;0;0
7.08;0;0.02;0;0;0;1.435;1.672;3.107;99.046;0;1.441;1.677;3.117;98.439;99.046;0.02;0;0;0;0
7.1;0;0.02;0;0;0;1.43;1.689;3.12;98.714;0;1.454;1.685;3.139;99.37;98.714;0.02;0;0;0;0
7.12;0;0.02;0;0;0;1.431;1.685;3.116;98.769;0;1.449;1.681;3.131;99.041;98.769;0.02;0;0;0;0
7.14;0;0.02;0;0;0;1.432;1.675;3.107;98.88;0;1.443;1.679;3.122;98.603;98.88;0.02;0;0;0;0
7.16;0;0.02;0;0;0;1.442;1.664;3.106;99.544;0;1.453;1.669;3.121;99.261;99.544;0.02;0;0;0;0
7.18;0;0.02;0;0;0;1.43;1.671;3.101;98.714;0;1.444;1.676;3.12;98.658;98.714;0.02;0;0;0;0
7.2;0;0.02;0;0;0;1.438;1.683;3.121;99.267;0;1.442;1.689;3.131;98.548;99.267;0.02;0;0;0;0
7.22;0;0.02;0;0;0;1.44;1.681;3.121;99.378;0;1.449;1.689;3.137;98.987;99.378;0.02;0;0;0;0
7.24;0;0.02;0;0;0;1.431;1.678;3.109;98.769;0;1.439;1.679;3.118;98.329;98.769;0.02;0;0;0;0
7.26;0;0.02;0;0;0;1.438;1.667;3.105;99.267;0;1.448;1.669;3.116;98.932;99.267;0.02;0;0;0;0
7.28;0;0.02;0;0;0;1.435;1.671;3.106;99.046;0;1.446;1.674;3.12;98.822;99.046;0.02;0;0;0;0
7.3;0;0.02;0;0;0;1.429;1.689;3.118;98.659;0;1.452;1.681;3.133;99.206;98.659;0.02;0;0;0;0
7.32;0;0.02;0;0;0;1.436;1.684;3.12;99.101;0;1.446;1.686;3.132;98.822;99.101;0.02;0;0;0;0
7.34;0;0.02;0;0;0;1.434;1.675;3.109;98.991;0;1.453;1.672;3.125;99.315;98.991;0.02;0;0;0;0
7.36;0;0.02;0;0;0;1.437;1.667;3.104;99.212;0;1.453;1.667;3.12;99.261;99.212;0.02;0;0;0;0
7.38;0;0.02;0;0;0;1.437;1.673;3.111;99.212;0;1.452;1.67;3.122;99.206;99.212;0.02;0;0;0;0
7.4;0;0.02;0;0;0;1.435;1.684;3.119;99.046;0;1.443;1.689;3.132;98.603;99.046;0.02;0;0;0;0
7.42;0;0.02;0;0;0;1.432;1.683;3.116;98.88;0;1.45;1.685;3.135;99.096;98.88;0.02;0;0;0;0
7.44;0;0.02;0;0;0;1.435;1.677;3.112;99.046;0;1.44;1.677;3.117;98.384;99.046;0.02;0;0;0;0
7.46;0;0.02;0;0;0;1.431;1.67;3.101;98.769;0;1.448;1.667;3.115;98.932;98.769;0.02;0;0;0;0
7.48;0;0.02;0;0;0;1.425;1.676;3.101;98.382;0;1.457;1.669;3.125;99.534;98.382;0.02;0;0;0;0
7.5;0;0.02;0;0;0;1.436;1.685;3.121;99.157;0;1.444;1.688;3.132;98.658;99.157;0.02;0;0;0;0
7.52;0;0.02;0;0;0;1.43;1.685;3.115;98.714;0;1.446;1.687;3.133;98.822;98.714;0.02;0;0;0;0
7.54;0;0.02;0;0;0;1.436;1.679;3.115;99.101;0;1.446;1.678;3.124;98.822;99.101;0.02;0;0;0;0
7.56;0;0.02;0;0;0;1.433;1.669;3.103;98.935;0;1.452;1.669;3.12;99.206;98.935;0.02;0;0;0;0
7.58;0;0.02;0;0;0;1.433;1.673;3.106;98.935;0;1.445;1.674;3.12;98.768;98.935;0.02;0;0;0;0
7.6;0;0.02;0;0;0;1.436;1.688;3.124;99.157;0;1.449;1.685;3.134;98.987;99.157;0.02;0;0;0;0
7.62;0;0.02;0;0;0;1.436;1.668;3.104;99.157;0;1.447;1.669;3.116;98.877;99.157;0.02;0;0;0;0
7.64;0;0.077;0;0;0;1.432;1.685;3.117;98.88;0;1.453;1.681;3.135;99.315;98.88;0.077;0;0;0;0
7.66;0;0.055;0;0;0;1.435;1.691;3.126;99.046;0;1.45;1.685;3.136;99.096;99.046;0.055;0;0;0;0
7.68;0;0.02;0;0;0;1.436;1.684;3.12;99.101;0;1.449;1.678;3.128;99.041;99.101;0.02;0;0;0;0
7.7;0;0.02;0;0;0;1.432;1.668;3.099;98.825;0;1.444;1.671;3.115;98.658;98.825;0.02;0;0;0;0
7.72;0;0.02;0;0;0;1.441;1.669;3.11;99.489;0;1.445;1.673;3.119;98.768;99.489;0.02;0;0;0;0
7.74;0;0.02;0;0;0;1.43;1.682;3.112;98.714;0;1.445;1.681;3.127;98.768;98.714;0.02;0;0;0;0
7.76;0;0.02;0;0;0;1.438;1.685;3.123;99.267;0;1.443;1.691;3.134;98.603;99.267;0.02;0;0;0;0
7.78;0;0.02;0;0;0;1.434;1.682;3.116;98.991;0;1.453;1.679;3.132;99.315;98.991;0.02;0;0;0;0
7.8;0;0.02;0;0;0;1.437;1.669;3.106;99.212;0;1.449;1.67;3.119;98.987;99.212;0.02;0;0;0;0
7.82;0;0.02;0;0;0;1.432;1.676;3.107;98.825;0;1.446;1.671;3.117;98.822;98.825;0.02;0;0;0;0
7.84;0;0.02;0;0;0;1.436;1.681;3.117;99.157;0;1.451;1.679;3.13;99.151;99.157;0.02;0;0;0;0
7.86;0;0.02;0;0;0;1.432;1.686;3.118;98.825;0;1.452;1.689;3.14;99.206;98.825;0.02;0;0;0;0
7.88;0;0.02;0;0;0;1.433;1.678;3.111;98.935;0;1.447;1.681;3.128;98.877;98.935;0.02;0;0;0;0
7.9;0;0.02;0;0;0;1.435;1.669;3.104;99.046;0;1.442;1.671;3.113;98.548;99.046;0.02;0;0;0;0
7.92;0;0.02;0;0;0;1.432;1.673;3.106;98.88;0;1.449;1.672;3.121;99.041;98.88;0.02;0;0;0;0
7.94;0;0.02;0;0;0;1.436;1.681;3.117;99.101;0;1.439;1.686;3.125;98.329;99.101;0.02;0;0;0;0
7.96;0;0.02;0;0;0;1.43;1.692;3.122;98.714;0;1.442;1.69;3.132;98.548;98.714;0.02;0;0;0;0
7.98;0;0.02;0;0;0;1.433;1.682;3.116;98.935;0;1.45;1.679;3.129;99.096;98.935;0.02;0;0;0;0
8;0;0.02;0;0;0;1.436;1.668;3.104;99.157;0;1.442;1.671;3.113;98.548;99.157;0.02;0;0;0;0
8.02;0;0.02;0;0;0;1.429;1.67;3.099;98.659;0;1.45;1.669;3.12;99.096;98.659;0.02;0;0;0;0
8.04;0;0.02;0;0;0;1.433;1.687;3.12;98.935;0;1.45;1.681;3.132;99.096;98.935;0.02;0;0;0;0
8.06;0;0.02;0;0;0;1.438;1.686;3.124;99.267;0;1.453;1.685;3.138;99.261;99.267;0.02;0;0;0;0
8.08;0;0.02;0;0;0;1.434;1.678;3.112;98.991;0;1.442;1.68;3.122;98.548;98.991;0.02;0;0;0;0
8.1;0;0.02;0;0;0;1.431;1.672;3.103;98.769;0;1.445;1.671;3.116;98.768;98.769;0.02;0;0;0;0
8.12;0;0.02;0;0;0;1.432;1.672;3.104;98.88;0;1.448;1.67;3.118;98.932;98.88;0.02;0;0;0;0
8.14;0;0.02;0;0;0;1.433;1.682;3.116;98.935;0;1.449;1.685;3.135;99.041;98.935;0.02;0;0;0;0
8.16;0;0.02;0;0;0;1.435;1.689;3.124;99.046;0;1.45;1.689;3.14;99.096;99.046;0.02;0;0;0;0
8.18;0;0.02;0;0;0;1.438;1.679;3.117;99.267;0;1.445;1.681;3.125;98.713;99.267;0.02;0;0;0;0
8.2;0;0.02;0;0;0;1.431;1.669;3.099;98.769;0;1.439;1.67;3.109;98.329;98.769;0.02;0;0;0;0
8.22;0;0.02;0;0;0;1.435;1.672;3.107;99.046;0;1.45;1.669;3.12;99.096;99.046;0.02;0;0;0;0
8.24;0;0.02;0;0;0;1.443;1.68;3.123;99.599;0;1.449;1.684;3.132;98.987;99.599;0.02;0;0;0;0
8.26;0;0.02;0;0;0;1.432;1.69;3.122;98.825;0;1.445;1.688;3.133;98.768;98.825;0.02;0;0;0;0
8.28;0;0.02;0;0;0;1.435;1.681;3.116;99.046;0;1.446;1.681;3.127;98.822;99.046;0.02;0;0;0;0
8.3;0;0.02;0;0;0;1.431;1.673;3.104;98.769;0;1.451;1.667;3.118;99.151;98.769;0.02;0;0;0;0
8.32;0;0.02;0;0;0;1.428;1.674;3.103;98.603;0;1.449;1.669;3.118;99.041;98.603;0.02;0;0;0;0
8.34;0;0.02;0;0;0;1.432;1.681;3.113;98.825;0;1.453;1.681;3.134;99.261;98.825;0.02;0;0;0;0
8.36;0;0.02;0;0;0;1.428;1.693;3.12;98.548;0;1.446;1.689;3.135;98.822;98.548;0.02;0;0;0;0
8.38;0;0.02;0;0;0;1.432;1.681;3.114;98.88;0;1.449;1.677;3.126;99.041;98.88;0.02;0;0;0;0
8.4;0;0.02;0;0;0;1.433;1.673;3.106;98.935;0;1.449;1.668;3.117;99.041;98.935;0.02;0;0;0;0
8.42;0;0.02;0;0;0;1.438;1.669;3.107;99.267;0;1.449;1.669;3.117;98.987;99.267;0.02;0;0;0;0
8.44;0;0.02;0;0;0;1.432;1.681;3.114;98.88;0;1.448;1.683;3.131;98.932;98.88;0.02;0;0;0;0
8.46;0;0.02;0;0;0;1.432;1.689;3.121;98.88;0;1.453;1.683;3.136;99.261;98.88;0.02;0;0;0;0
8.48;0;0.02;0;0;0;1.427;1.682;3.109;98.493;0;1.445;1.681;3.125;98.713;98.493;0.02;0;0;0;0
8.5;0;0.02;0;0;0;1.448;1.664;3.111;99.931;0;1.449;1.665;3.114;98.987;99.931;0.02;0;0;0;0
8.52;0;0.02;0;0;0;1.436;1.671;3.107;99.157;0;1.449;1.669;3.118;99.041;99.157;0.02;0;0;0;0
8.54;0;0.02;0;0;0;1.443;1.679;3.122;99.599;0;1.449;1.683;3.132;98.987;99.599;0.02;0;0;0;0
8.56;0;0.02;0;0;0;1.432;1.688;3.12;98.88;0;1.449;1.689;3.137;98.987;98.88;0.02;0;0;0;0
8.58;0;0.02;0;0;0;1.43;1.681;3.111;98.714;0;1.445;1.683;3.128;98.768;98.714;0.02;0;0;0;0
8.6;0;0.02;0;0;0;1.423;1.677;3.1;98.216;0;1.451;1.665;3.116;99.151;98.216;0.02;0;0;0;0
8.62;0;0.02;0;0;0;1.436;1.67;3.107;99.157;0;1.451;1.672;3.123;99.151;99.157;0.02;0;0;0;0
8.64;0;0.02;0;0;0;1.436;1.683;3.12;99.157;0;1.444;1.687;3.131;98.658;99.157;0.02;0;0;0;0
8.66;0;0.02;0;0;0;1.432;1.692;3.124;98.88;0;1.446;1.685;3.131;98.822;98.88;0.02;0;0;0;0
8.68;0;0.02;0;0;0;1.436;1.678;3.114;99.101;0;1.445;1.678;3.123;98.713;99.101;0.02;0;0;0;0
8.7;0;0.02;0;0;0;1.432;1.673;3.106;98.88;0;1.451;1.665;3.116;99.151;98.88;0.02;0;0;0;0
8.72;0;0.02;0;0;0;1.43;1.676;3.106;98.714;0;1.452;1.669;3.121;99.206;98.714;0.02;0;0;0;0
8.74;0;0.087;0;0;0;1.431;1.683;3.114;98.769;0;1.447;1.685;3.132;98.877;98.769;0.087;0;0;0;0
8.76;0;0.02;0;0;0;1.433;1.685;3.118;98.935;0;1.449;1.684;3.132;98.987;98.935;0.02;0;0;0;0
8.78;0;0.02;0;0;0;1.432;1.677;3.109;98.88;0;1.447;1.677;3.124;98.877;98.88;0.02;0;0;0;0
8.8;0;0.02;0;0;0;1.434;1.669;3.103;98.991;0;1.444;1.667;3.111;98.658;98.991;0.02;0;0;0;0
8.82;0;0.02;0;0;0;1.428;1.672;3.099;98.548;0;1.445;1.672;3.117;98.768;98.548;0.02;0;0;0;0
8.84;0;0.02;0;0;0;1.432;1.685;3.116;98.825;0;1.444;1.685;3.129;98.658;98.825;0.02;0;0;0;0
8.86;0;0.02;0;0;0;1.436;1.681;3.118;99.157;0;1.443;1.687;3.13;98.603;99.157;0.02;0;0;0;0
8.88;0;0.02;0;0;0;1.431;1.677;3.107;98.769;0;1.457;1.673;3.129;99.534;98.769;0.02;0;0;0;0
8.9;0;0.02;0;0;0;1.441;1.662;3.103;99.433;0;1.444;1.666;3.11;98.658;99.433;0.02;0;0;0;0
8.92;0;0.02;0;0;0;1.429;1.676;3.105;98.659;0;1.45;1.668;3.118;99.096;98.659;0.02;0;0;0;0
8.94;0;0.02;0;0;0;1.436;1.683;3.12;99.157;0;1.448;1.682;3.13;98.932;99.157;0.02;0;0;0;0
8.96;0;0.02;0;0;0;1.432;1.689;3.122;98.88;0;1.44;1.685;3.125;98.384;98.88;0.02;0;0;0;0
8.98;0;0.02;0;0;0;1.432;1.676;3.108;98.88;0;1.445;1.675;3.12;98.768;98.88;0.02;0;0;0;0
9;0;0.02;0;0;0;1.431;1.671;3.102;98.769;0;1.445;1.669;3.114;98.768;98.769;0.02;0;0;0;0
9.02;0;0.02;0;0;0;1.435;1.673;3.107;99.046;0;1.444;1.674;3.118;98.658;99.046;0.02;0;0;0;0
9.04;0;0.02;0;0;0;1.439;1.68;3.119;99.323;0;1.444;1.685;3.128;98.658;99.323;0.02;0;0;0;0
9.06;0;0.02;0;0;0;1.441;1.686;3.128;99.489;0;1.448;1.689;3.136;98.932;99.489;0.02;0;0;0;0
9.08;0;0.02;0;0;0;1.43;1.679;3.109;98.714;0;1.445;1.677;3.122;98.768;98.714;0.02;0;0;0;0
9.1;0;0.02;0;0;0;1.434;1.669;3.103;98.991;0;1.446;1.666;3.112;98.822;98.991;0.02;0;0;0;0
9.12;0;0.02;0;0;0;1.436;1.674;3.111;99.157;0;1.445;1.673;3.119;98.768;99.157;0.02;0;0;0;0
9.14;0;0.02;0;0;0;1.426;1.686;3.112;98.437;0;1.45;1.681;3.132;99.096;98.437;0.02;0;0;0;0
9.16;0;0.02;0;0;0;1.439;1.684;3.123;99.323;0;1.451;1.684;3.135;99.151;99.323;0.02;0;0;0;0
9.18;0;0.02;0;0;0;1.435;1.679;3.114;99.046;0;1.445;1.678;3.124;98.768;99.046;0.02;0;0;0;0
9.2;0;0.02;0;0;0;1.433;1.671;3.104;98.935;0;1.449;1.669;3.118;99.041;98.935;0.02;0;0;0;0
9.22;0;0.02;0;0;0;1.433;1.674;3.107;98.935;0;1.442;1.674;3.116;98.548;98.935;0.02;0;0;0;0
9.24;0;0.02;0;0;0;1.436;1.683;3.12;99.157;0;1.445;1.685;3.13;98.713;99.157;0.02;0;0;0;0
9.26;0;0.02;0;0;0;1.432;1.689;3.121;98.88;0;1.446;1.689;3.135;98.822;98.88;0.02;0;0;0;0
9.28;0;0.02;0;0;0;1.434;1.679;3.113;98.991;0;1.45;1.675;3.125;99.096;98.991;0.02;0;0;0;0
9.3;0;0.02;0;0;0;1.435;1.669;3.104;99.046;0;1.45;1.666;3.116;99.096;99.046;0.02;0;0;0;0
9.32;0;0.02;0;0;0;1.433;1.676;3.109;98.935;0;1.454;1.669;3.123;99.37;98.935;0.02;0;0;0;0
9.34;0;0.02;0;0;0;1.435;1.682;3.117;99.046;0;1.446;1.685;3.131;98.822;99.046;0.02;0;0;0;0
9.36;0;0.02;0;0;0;1.432;1.689;3.12;98.825;0;1.448;1.686;3.134;98.932;98.825;0.02;0;0;0;0
9.38;0;0.02;0;0;0;1.434;1.68;3.114;98.991;0;1.445;1.677;3.123;98.768;98.991;0.02;0;0;0;0
9.4;0;0.02;0;0;0;1.436;1.67;3.106;99.101;0;1.446;1.667;3.113;98.822;99.101;0.02;0;0;0;0
9.42;0;0.02;0;0;0;1.435;1.675;3.11;99.046;0;1.45;1.672;3.122;99.096;99.046;0.02;0;0;0;0
9.44;0;0.02;0;0;0;1.432;1.684;3.116;98.825;0;1.453;1.682;3.135;99.261;98.825;0.02;0;0;0;0
9.46;0;0.02;0;0;0;1.432;1.688;3.12;98.825;0;1.451;1.685;3.136;99.151;98.825;0.02;0;0;0;0
9.48;0;0.02;0;0;0;1.439;1.677;3.116;99.322;0;1.443;1.679;3.122;98.603;99.322;0.02;0;0;0;0
9.5;0;0.02;0;0;0;1.432;1.669;3.101;98.88;0;1.456;1.665;3.12;99.48;98.88;0.02;0;0;0;0
9.52;0;0.02;0;0;0;1.431;1.672;3.103;98.769;0;1.457;1.669;3.126;99.534;98.769;0.02;0;0;0;0
9.54;0;0.02;0;0;0;1.434;1.685;3.12;98.991;0;1.444;1.685;3.129;98.658;98.991;0.02;0;0;0;0
9.56;0;0.02;0;0;0;1.434;1.687;3.121;98.991;0;1.453;1.681;3.135;99.315;98.991;0.02;0;0;0;0
9.58;0;0.02;0;0;0;1.433;1.677;3.11;98.935;0;1.448;1.675;3.123;98.932;98.935;0.02;0;0;0;0
9.6;0;0.02;0;0;0;1.427;1.585;3.012;98.493;0;1.448;1.582;3.029;98.932;98.493;0.02;0;0;0;0
9.62;0;0.02;0;0;0;1.387;1.428;2.814;95.726;0;1.418;1.426;2.844;96.905;95.726;0.02;0;0;0;0
9.64;0;0.02;0;0;0;1.333;1.271;2.604;92.074;0;1.388;1.268;2.656;94.878;92.074;0.02;0;0;0;0
9.66;0;0.02;0;0;0;1.267;1.124;2.391;87.537;0;1.345;1.119;2.465;91.975;87.537;0.02;0;0;0;0
9.68;0;0.02;0;0;0;1.188;0.997;2.186;82.114;0;1.283;0.995;2.278;87.703;82.114;0.02;0;0;0;0
9.7;0;0.02;0;0;0;1.098;0.893;1.991;75.917;0;1.208;0.893;2.1;82.609;75.917;0.02;0;0;0;0
9.72;0;0.02;0;0;0;1.018;0.802;1.82;70.384;0;1.133;0.806;1.938;77.515;70.384;0.02;0;0;0;0
9.74;0;0.02;0;0;0;0.92;0.913;1.833;63.689;0;1.05;0.913;1.963;71.873;63.689;0.02;0;0;0;0
9.76;0;0.02;0;0;0;0.852;0.966;1.818;58.986;0;0.976;0.969;1.945;66.833;58.986;0.02;0;0;0;0
9.78;0;0.02;0;0;0;0.787;0.955;1.742;54.559;0;0.91;0.956;1.865;62.342;54.559;0.02;0;0;0;0
9.8;0;0.02;0;0;0;0.732;1.04;1.772;50.797;0;0.849;1.041;1.89;58.234;50.797;0.02;0;0;0;0
9.82;0;0.02;0;0;0;0.69;1.088;1.777;47.864;0;0.793;1.088;1.881;54.399;47.864;0.02;0;0;0;0
9.84;0;0.02;0;0;0;0.636;1.13;1.766;44.212;0;0.748;1.129;1.876;51.332;44.212;0.02;0;0;0;0
9.86;0;0.02;0;0;0;0.491;1.255;1.747;34.252;0;0.574;1.254;1.827;39.5;34.252;0.02;0;0;0;0
9.88;0;0.082;0;0;0;0.467;1.288;1.756;32.592;0;0.535;1.289;1.824;36.871;32.592;0.082;0;0;0;0
9.9;0;0.019;0;0;0;0.438;1.334;1.772;30.6;0;0.502;1.329;1.831;34.625;30.6;0.019;0;0;0;0
9.92;0;0.02;0;0;0;0.417;1.348;1.765;29.162;0;0.474;1.347;1.821;32.708;29.162;0.02;0;0;0;0
9.94;0;0.02;0;0;0;0.392;1.364;1.756;27.391;0;0.451;1.359;1.81;31.174;27.391;0.02;0;0;0;0
9.96;0;0.02;0;0;0;0.371;1.368;1.739;25.953;0;0.424;1.37;1.793;29.312;25.953;0.02;0;0;0;0
9.98;0;0.02;0;0;0;0.356;1.395;1.751;24.957;0;0.397;1.398;1.795;27.504;24.957;0.02;0;0;0;0
10;0;0.02;0;0;0;0.336;1.432;1.768;23.573;0;0.383;1.425;1.808;26.518;23.573;0.02;0;0;0;0
10.02;0;0.02;0;0;0;0.317;1.444;1.76;22.245;0;0.352;1.444;1.796;24.437;22.245;0.02;0;0;0;0
10.04;0;0.02;0;0;0;0.304;1.445;1.749;21.36;0;0.339;1.445;1.785;23.561;21.36;0.02;0;0;0;0
10.06;0;0.02;0;0;0;0.291;1.444;1.735;20.475;0;0.323;1.445;1.768;22.465;20.475;0.02;0;0;0;0
10.08;0;0.02;0;0;0;0.274;1.469;1.743;19.313;0;0.305;1.473;1.777;21.205;19.313;0.02;0;0;0;0
10.1;0;0.02;0;0;0;0.266;1.495;1.76;18.759;0;0.288;1.497;1.785;20.055;18.759;0.02;0;0;0;0
10.12;0;0.02;0;0;0;0.251;1.506;1.756;17.708;0;0.271;1.508;1.779;18.905;17.708;0.02;0;0;0;0
10.14;0;0.02;0;0;0;0.243;1.501;1.744;17.21;0;0.263;1.503;1.766;18.357;17.21;0.02;0;0;0;0
10.16;0;0.02;0;0;0;0.226;1.5;1.727;16.048;0;0.255;1.498;1.753;17.864;16.048;0.02;0;0;0;0
10.18;0;0.02;0;0;0;0.223;1.519;1.742;15.827;0;0.24;1.522;1.762;16.823;15.827;0.02;0;0;0;0
10.2;0;0.02;0;0;0;0.214;1.544;1.758;15.163;0;0.23;1.546;1.776;16.166;15.163;0.02;0;0;0;0
10.22;0;0.02;0;0;0;0.207;1.55;1.757;14.72;0;0.225;1.546;1.771;15.782;14.72;0.02;0;0;0;0
10.24;0;0.02;0;0;0;0.197;1.544;1.74;14.001;0;0.21;1.542;1.752;14.796;14.001;0.02;0;0;0;0
10.26;0;0.02;0;0;0;0.196;1.533;1.729;13.946;0;0.197;1.542;1.739;13.92;13.946;0.02;0;0;0;0
10.28;0;0.02;0;0;0;0.18;1.558;1.739;12.894;0;0.197;1.56;1.756;13.865;12.894;0.02;0;0;0;0
10.3;0;0.02;0;0;0;0.175;1.58;1.755;12.507;0;0.196;1.575;1.771;13.81;12.507;0.02;0;0;0;0
10.32;0;0.02;0;0;0;0.171;1.58;1.751;12.23;0;0.184;1.577;1.761;13.044;12.23;0.02;0;0;0;0
10.34;0;0.02;0;0;0;0.167;1.57;1.737;11.954;0;0.178;1.573;1.751;12.605;11.954;0.02;0;0;0;0
10.36;0;0.02;0;0;0;0.157;1.565;1.722;11.29;0;0.171;1.563;1.734;12.112;11.29;0.02;0;0;0;0
10.38;0;0.02;0;0;0;0.153;1.587;1.74;11.013;0;0.162;1.585;1.747;11.51;11.013;0.02;0;0;0;0
10.4;0;0.02;0;0;0;0.157;1.598;1.756;11.29;0;0.151;1.607;1.759;10.798;11.29;0.02;0;0;0;0
10.42;0;0.02;0;0;0;0.147;1.598;1.746;10.626;0;0.154;1.602;1.756;10.962;10.626;0.02;0;0;0;0
10.44;0;0.02;0;0;0;0.148;1.592;1.74;10.681;0;0.15;1.595;1.745;10.688;10.681;0.02;0;0;0;0
10.46;0;0.02;0;0;0;0.14;1.582;1.723;10.128;0;0.153;1.58;1.733;10.907;10.128;0.02;0;0;0;0
10.48;0;0.02;0;0;0;0.137;1.6;1.737;9.906;0;0.141;1.603;1.744;10.086;9.906;0.02;0;0;0;0
10.5;0;0.02;0;0;0;0.133;1.618;1.751;9.63;0;0.145;1.614;1.759;10.36;9.63;0.02;0;0;0;0
10.52;0;0.02;0;0;0;0.121;1.621;1.742;8.8;0;0.133;1.613;1.746;9.538;8.8;0.02;0;0;0;0
10.54;0;0.02;0;0;0;0.127;1.608;1.735;9.242;0;0.136;1.604;1.74;9.757;9.242;0.02;0;0;0;0
10.56;0;0.02;0;0;0;0.124;1.596;1.72;9.021;0;0.129;1.597;1.726;9.264;9.021;0.02;0;0;0;0
10.58;0;0.02;0;0;0;0.122;1.615;1.736;8.855;0;0.127;1.614;1.741;9.155;8.855;0.02;0;0;0;0
10.6;0;0.02;0;0;0;0.118;1.631;1.75;8.634;0;0.125;1.631;1.756;8.99;8.634;0.02;0;0;0;0
10.62;0;0.02;0;0;0;0.114;1.631;1.745;8.357;0;0.117;1.627;1.744;8.442;8.357;0.02;0;0;0;0
10.64;0;0.02;0;0;0;0.118;1.619;1.737;8.578;0;0.117;1.622;1.739;8.442;8.578;0.02;0;0;0;0
10.66;0;0.02;0;0;0;0.114;1.606;1.72;8.357;0;0.114;1.607;1.722;8.278;8.357;0.02;0;0;0;0
10.68;0;0.02;0;0;0;0.111;1.623;1.735;8.136;0;0.116;1.627;1.743;8.388;8.136;0.02;0;0;0;0
10.7;0;0.02;0;0;0;0.114;1.636;1.751;8.357;0;0.115;1.639;1.754;8.333;8.357;0.02;0;0;0;0
10.72;0;0.02;0;0;0;0.11;1.637;1.747;8.025;0;0.107;1.635;1.743;7.785;8.025;0.02;0;0;0;0
10.74;0;0.02;0;0;0;0.114;1.62;1.734;8.302;0;0.113;1.624;1.737;8.169;8.302;0.02;0;0;0;0
10.76;0;0.02;0;0;0;0.106;1.615;1.72;7.748;0;0.11;1.611;1.72;7.949;7.748;0.02;0;0;0;0
10.78;0;0.02;0;0;0;0.102;1.634;1.736;7.527;0;0.106;1.633;1.739;7.73;7.527;0.02;0;0;0;0
10.8;0;0.02;0;0;0;0.105;1.645;1.75;7.693;0;0.1;1.646;1.746;7.292;7.693;0.02;0;0;0;0
10.82;0;0.02;0;0;0;0.106;1.636;1.742;7.748;0;0.104;1.639;1.743;7.566;7.748;0.02;0;0;0;0
10.84;0;0.02;0;0;0;0.103;1.629;1.732;7.582;0;0.11;1.627;1.737;7.949;7.582;0.02;0;0;0;0
10.86;0;0.02;0;0;0;0.102;1.618;1.72;7.527;0;0.093;1.621;1.714;6.799;7.527;0.02;0;0;0;0
10.88;0;0.02;0;0;0;0.103;1.631;1.734;7.582;0;0.098;1.634;1.732;7.183;7.582;0.02;0;0;0;0
10.9;0;0.02;0;0;0;0.104;1.648;1.752;7.638;0;0.104;1.649;1.753;7.566;7.638;0.02;0;0;0;0
10.92;0;0.02;0;0;0;0.101;1.643;1.743;7.416;0;0.099;1.643;1.742;7.237;7.416;0.02;0;0;0;0
10.94;0;0.02;0;0;0;0.098;1.633;1.731;7.25;0;0.099;1.633;1.732;7.237;7.25;0.02;0;0;0;0
10.96;0;0.02;0;0;0;0.097;1.622;1.718;7.14;0;0.1;1.62;1.72;7.292;7.14;0.02;0;0;0;0
10.98;0;0.02;0;0;0;0.101;1.636;1.737;7.416;0;0.105;1.636;1.741;7.621;7.416;0.02;0;0;0;0
11;0;0.02;0;0;0;0.097;1.627;1.723;7.14;0;0.097;1.63;1.727;7.128;7.14;0.02;0;0;0;0
11.02;0;0.078;0;0;0;0.095;1.623;1.718;7.029;0;0.093;1.624;1.717;6.799;7.029;0.078;0;0;0;0
11.04;0;0.02;0;0;0;0.097;1.65;1.747;7.195;0;0.097;1.649;1.747;7.128;7.195;0.02;0;0;0;0
11.06;0;0.02;0;0;0;0.09;1.656;1.746;6.697;0;0.096;1.653;1.749;7.018;6.697;0.02;0;0;0;0
11.08;0;0.02;0;0;0;0.093;1.645;1.738;6.863;0;0.097;1.642;1.739;7.073;6.863;0.02;0;0;0;0
11.1;0;0.02;0;0;0;0.094;1.633;1.727;6.974;0;0.096;1.63;1.726;7.018;6.974;0.02;0;0;0;0
11.12;0;0.02;0;0;0;0.097;1.622;1.718;7.14;0;0.092;1.626;1.718;6.744;7.14;0.02;0;0;0;0
11.14;0;0.02;0;0;0;0.096;1.649;1.745;7.084;0;0.093;1.65;1.743;6.799;7.084;0.02;0;0;0;0
11.16;0;0.02;0;0;0;0.093;1.654;1.747;6.863;0;0.092;1.652;1.744;6.744;6.863;0.02;0;0;0;0
11.18;0;0.02;0;0;0;0.093;1.643;1.735;6.863;0;0.097;1.644;1.741;7.073;6.863;0.02;0;0;0;0
11.2;0;0.02;0;0;0;0.089;1.635;1.724;6.586;0;0.095;1.631;1.726;6.964;6.586;0.02;0;0;0;0
11.22;0;0.02;0;0;0;0.088;1.63;1.718;6.531;0;0.093;1.627;1.72;6.854;6.531;0.02;0;0;0;0
11.24;0;0.02;0;0;0;0.093;1.65;1.743;6.863;0;0.092;1.648;1.74;6.744;6.863;0.02;0;0;0;0
11.26;0;0.02;0;0;0;0.088;1.66;1.747;6.531;0;0.095;1.652;1.747;6.964;6.531;0.02;0;0;0;0
11.28;0;0.02;0;0;0;0.092;1.648;1.739;6.808;0;0.087;1.648;1.735;6.416;6.808;0.02;0;0;0;0
11.3;0;0.02;0;0;0;0.091;1.636;1.727;6.752;0;0.097;1.63;1.727;7.073;6.752;0.02;0;0;0;0
11.32;0;0.02;0;0;0;0.091;1.624;1.715;6.752;0;0.096;1.623;1.719;7.018;6.752;0.02;0;0;0;0
11.34;0;0.02;0;0;0;0.092;1.654;1.746;6.808;0;0.09;1.653;1.743;6.635;6.808;0.02;0;0;0;0
11.36;0;0.02;0;0;0;0.089;1.656;1.745;6.586;0;0.093;1.654;1.747;6.799;6.586;0.02;0;0;0;0
11.38;0;0.02;0;0;0;0.093;1.65;1.743;6.918;0;0.091;1.648;1.739;6.69;6.918;0.02;0;0;0;0
11.4;0;0.02;0;0;0;0.086;1.637;1.723;6.42;0;0.087;1.635;1.722;6.416;6.42;0.02;0;0;0;0
11.42;0;0.02;0;0;0;0.09;1.629;1.719;6.697;0;0.086;1.63;1.716;6.361;6.697;0.02;0;0;0;0
11.44;0;0.02;0;0;0;0.091;1.652;1.743;6.752;0;0.09;1.652;1.743;6.635;6.752;0.02;0;0;0;0
11.46;0;0.02;0;0;0;0.096;1.656;1.752;7.084;0;0.093;1.652;1.746;6.854;7.084;0.02;0;0;0;0
11.48;0;0.02;0;0;0;0.089;1.647;1.736;6.642;0;0.087;1.646;1.733;6.416;6.642;0.02;0;0;0;0
11.5;0;0.02;0;0;0;0.095;1.633;1.728;7.029;0;0.085;1.637;1.722;6.251;7.029;0.02;0;0;0;0
11.52;0;0.02;0;0;0;0.092;1.627;1.718;6.808;0;0.086;1.631;1.717;6.361;6.808;0.02;0;0;0;0
11.54;0;0.02;0;0;0;0.089;1.656;1.745;6.642;0;0.095;1.65;1.745;6.964;6.642;0.02;0;0;0;0
11.56;0;0.02;0;0;0;0.093;1.656;1.749;6.863;0;0.088;1.655;1.743;6.471;6.863;0.02;0;0;0;0
11.58;0;0.02;0;0;0;0.09;1.648;1.738;6.697;0;0.089;1.647;1.736;6.58;6.697;0.02;0;0;0;0
11.6;0;0.02;0;0;0;0.093;1.634;1.727;6.863;0;0.086;1.635;1.722;6.361;6.863;0.02;0;0;0;0
11.62;0;0.02;0;0;0;0.089;1.624;1.713;6.586;0;0.09;1.623;1.714;6.635;6.586;0.02;0;0;0;0
11.64;0;0.02;0;0;0;0.089;1.655;1.743;6.586;0;0.093;1.65;1.743;6.799;6.586;0.02;0;0;0;0
11.66;0;0.02;0;0;0;0.086;1.66;1.746;6.42;0;0.082;1.657;1.739;6.087;6.42;0.02;0;0;0;0
11.68;0;0.02;0;0;0;0.085;1.648;1.733;6.365;0;0.089;1.647;1.735;6.525;6.365;0.02;0;0;0;0
11.7;0;0.02;0;0;0;0.093;1.635;1.727;6.863;0;0.096;1.631;1.727;7.018;6.863;0.02;0;0;0;0
11.72;0;0.02;0;0;0;0.092;1.629;1.721;6.808;0;0.09;1.63;1.72;6.635;6.808;0.02;0;0;0;0
11.74;0;0.02;0;0;0;0.092;1.649;1.741;6.808;0;0.089;1.653;1.743;6.58;6.808;0.02;0;0;0;0
11.76;0;0.02;0;0;0;0.088;1.655;1.743;6.531;0;0.09;1.656;1.746;6.635;6.531;0.02;0;0;0;0
11.78;0;0.02;0;0;0;0.09;1.648;1.738;6.697;0;0.088;1.645;1.733;6.471;6.697;0.02;0;0;0;0
11.8;0;0.02;0;0;0;0.091;1.635;1.726;6.752;0;0.085;1.64;1.724;6.251;6.752;0.02;0;0;0;0
11.82;0;0.02;0;0;0;0.086;1.629;1.715;6.42;0;0.086;1.629;1.715;6.361;6.42;0.02;0;0;0;0
11.84;0;0.02;0;0;0;0.088;1.653;1.741;6.531;0;0.088;1.653;1.741;6.471;6.531;0.02;0;0;0;0
11.86;0;0.02;0;0;0;0.089;1.655;1.744;6.642;0;0.085;1.658;1.743;6.306;6.642;0.02;0;0;0;0
11.88;0;0.02;0;0;0;0.091;1.649;1.74;6.752;0;0.09;1.646;1.736;6.635;6.752;0.02;0;0;0;0
11.9;0;0.02;0;0;0;0.092;1.635;1.727;6.808;0;0.083;1.639;1.722;6.142;6.808;0.02;0;0;0;0
11.92;0;0.02;0;0;0;0.09;1.627;1.717;6.697;0;0.087;1.629;1.716;6.416;6.697;0.02;0;0;0;0
11.94;0;0.02;0;0;0;0.087;1.655;1.742;6.476;0;0.082;1.656;1.738;6.087;6.476;0.02;0;0;0;0
11.96;0;0.02;0;0;0;0.09;1.655;1.745;6.697;0;0.086;1.656;1.742;6.361;6.697;0.02;0;0;0;0
11.98;0;0.02;0;0;0;0.097;1.643;1.739;7.14;0;0.089;1.647;1.735;6.525;7.14;0.02;0;0;0;0
12;0;0.02;0;0;0;0.093;1.636;1.729;6.863;0;0.083;1.639;1.722;6.142;6.863;0.02;0;0;0;0
12.02;0;0.02;0;0;0;0.089;1.629;1.718;6.642;0;0.086;1.631;1.717;6.361;6.642;0.02;0;0;0;0
12.04;0;0.02;0;0;0;0.086;1.656;1.743;6.42;0;0.093;1.651;1.743;6.799;6.42;0.02;0;0;0;0
12.06;0;0.02;0;0;0;0.091;1.656;1.747;6.752;0;0.094;1.652;1.747;6.909;6.752;0.02;0;0;0;0
12.08;0;0.02;0;0;0;0.093;1.64;1.733;6.863;0;0.09;1.644;1.735;6.635;6.863;0.02;0;0;0;0
12.1;0;0.02;0;0;0;0.092;1.632;1.724;6.808;0;0.09;1.634;1.724;6.635;6.808;0.02;0;0;0;0
12.12;0;0.02;0;0;0;0.087;1.632;1.719;6.476;0;0.087;1.631;1.718;6.416;6.476;0.02;0;0;0;0
12.14;0;0.02;0;0;0;0.096;1.625;1.721;7.084;0;0.087;1.626;1.713;6.416;7.084;0.02;0;0;0;0
12.16;0;0.082;0;0;0;0.087;1.649;1.736;6.476;0;0.093;1.643;1.736;6.854;6.476;0.082;0;0;0;0
12.18;0;0.02;0;0;0;0.087;1.659;1.746;6.476;0;0.093;1.656;1.748;6.799;6.476;0.02;0;0;0;0
12.2;0;0.02;0;0;0;0.092;1.648;1.739;6.808;0;0.091;1.648;1.739;6.69;6.808;0.02;0;0;0;0
12.22;0;0.02;0;0;0;0.093;1.64;1.733;6.863;0;0.093;1.638;1.731;6.854;6.863;0.02;0;0;0;0
12.24;0;0.02;0;0;0;0.089;1.629;1.718;6.586;0;0.083;1.631;1.714;6.142;6.586;0.02;0;0;0;0
12.26;0;0.02;0;0;0;0.085;1.648;1.733;6.31;0;0.089;1.648;1.736;6.525;6.31;0.02;0;0;0;0
12.28;0;0.02;0;0;0;0.091;1.653;1.744;6.752;0;0.092;1.656;1.747;6.744;6.752;0.02;0;0;0;0
12.3;0;0.02;0;0;0;0.086;1.654;1.74;6.42;0;0.09;1.649;1.739;6.635;6.42;0.02;0;0;0;0
12.32;0;0.02;0;0;0;0.092;1.638;1.73;6.808;0;0.085;1.644;1.728;6.251;6.808;0.02;0;0;0;0
12.34;0;0.02;0;0;0;0.091;1.623;1.714;6.752;0;0.088;1.627;1.715;6.471;6.752;0.02;0;0;0;0
12.36;0;0.02;0;0;0;0.088;1.652;1.74;6.531;0;0.094;1.649;1.743;6.909;6.531;0.02;0;0;0;0
12.38;0;0.02;0;0;0;0.089;1.659;1.747;6.586;0;0.093;1.658;1.751;6.799;6.586;0.02;0;0;0;0
12.4;0;0.02;0;0;0;0.089;1.651;1.739;6.586;0;0.094;1.648;1.742;6.909;6.586;0.02;0;0;0;0
12.42;0;0.02;0;0;0;0.086;1.64;1.727;6.42;0;0.087;1.64;1.727;6.416;6.42;0.02;0;0;0;0
12.44;0;0.02;0;0;0;0.085;1.628;1.714;6.365;0;0.09;1.625;1.715;6.635;6.365;0.02;0;0;0;0
12.46;0;0.02;0;0;0;0.088;1.649;1.737;6.531;0;0.088;1.648;1.736;6.471;6.531;0.02;0;0;0;0
12.48;0;0.02;0;0;0;0.083;1.66;1.743;6.199;0;0.089;1.659;1.748;6.58;6.199;0.02;0;0;0;0
12.5;0;0.02;0;0;0;0.097;1.65;1.747;7.14;0;0.088;1.652;1.739;6.471;7.14;0.02;0;0;0;0
12.52;0;0.02;0;0;0;0.093;1.636;1.729;6.863;0;0.091;1.641;1.732;6.69;6.863;0.02;0;0;0;0
12.54;0;0.02;0;0;0;0.089;1.629;1.718;6.586;0;0.09;1.627;1.718;6.635;6.586;0.02;0;0;0;0
12.56;0;0.02;0;0;0;0.092;1.648;1.74;6.808;0;0.087;1.648;1.735;6.416;6.808;0.02;0;0;0;0
12.58;0;0.02;0;0;0;0.088;1.66;1.747;6.531;0;0.095;1.658;1.753;6.964;6.531;0.02;0;0;0;0
12.6;0;0.02;0;0;0;0.09;1.65;1.74;6.697;0;0.086;1.65;1.736;6.361;6.697;0.02;0;0;0;0
12.62;0;0.02;0;0;0;0.086;1.644;1.73;6.42;0;0.084;1.641;1.725;6.197;6.42;0.02;0;0;0;0
12.64;0;0.02;0;0;0;0.081;1.632;1.714;6.089;0;0.083;1.631;1.714;6.142;6.089;0.02;0;0;0;0
12.66;0;0.02;0;0;0;0.094;1.646;1.74;6.974;0;0.093;1.645;1.739;6.854;6.974;0.02;0;0;0;0
12.68;0;0.02;0;0;0;0.093;1.658;1.752;6.918;0;0.091;1.659;1.75;6.69;6.918;0.02;0;0;0;0
12.7;0;0.02;0;0;0;0.093;1.651;1.743;6.863;0;0.088;1.649;1.737;6.471;6.863;0.02;0;0;0;0
12.72;0;0.02;0;0;0;0.082;1.645;1.727;6.144;0;0.085;1.641;1.727;6.306;6.144;0.02;0;0;0;0
12.74;0;0.02;0;0;0;0.089;1.629;1.718;6.586;0;0.088;1.628;1.716;6.471;6.586;0.02;0;0;0;0
12.76;0;0.02;0;0;0;0.09;1.649;1.739;6.697;0;0.09;1.648;1.739;6.635;6.697;0.02;0;0;0;0
12.78;0;0.02;0;0;0;0.089;1.658;1.747;6.642;0;0.087;1.663;1.75;6.416;6.642;0.02;0;0;0;0
12.8;0;0.02;0;0;0;0.093;1.65;1.743;6.863;0;0.089;1.649;1.739;6.58;6.863;0.02;0;0;0;0
12.82;0;0.02;0;0;0;0.085;1.642;1.727;6.365;0;0.084;1.644;1.727;6.197;6.365;0.02;0;0;0;0
12.84;0;0.02;0;0;0;0.083;1.631;1.714;6.199;0;0.092;1.627;1.718;6.744;6.199;0.02;0;0;0;0
12.86;0;0.02;0;0;0;0.086;1.652;1.739;6.42;0;0.089;1.646;1.735;6.525;6.42;0.02;0;0;0;0
12.88;0;0.02;0;0;0;0.092;1.656;1.747;6.808;0;0.087;1.659;1.746;6.416;6.808;0.02;0;0;0;0
12.9;0;0.02;0;0;0;0.089;1.649;1.738;6.586;0;0.092;1.648;1.74;6.744;6.586;0.02;0;0;0;0
12.92;0;0.02;0;0;0;0.085;1.643;1.728;6.365;0;0.085;1.641;1.727;6.306;6.365;0.02;0;0;0;0
12.94;0;0.02;0;0;0;0.09;1.626;1.716;6.697;0;0.091;1.623;1.714;6.69;6.697;0.02;0;0;0;0
12.96;0;0.02;0;0;0;0.09;1.65;1.74;6.697;0;0.087;1.653;1.74;6.416;6.697;0.02;0;0;0;0
12.98;0;0.02;0;0;0;0.089;1.662;1.751;6.586;0;0.089;1.656;1.746;6.58;6.586;0.02;0;0;0;0
13;0;0.02;0;0;0;0.089;1.651;1.739;6.586;0;0.088;1.652;1.74;6.471;6.586;0.02;0;0;0;0
13.02;0;0.02;0;0;0;0.087;1.64;1.727;6.476;0;0.087;1.64;1.727;6.416;6.476;0.02;0;0;0;0
13.04;0;0.02;0;0;0;0.088;1.627;1.714;6.531;0;0.089;1.627;1.715;6.525;6.531;0.02;0;0;0;0
13.06;0;0.02;0;0;0;0.086;1.653;1.739;6.42;0;0.092;1.651;1.743;6.744;6.42;0.02;0;0;0;0
13.08;0;0.02;0;0;0;0.089;1.661;1.751;6.642;0;0.097;1.652;1.748;7.073;6.642;0.02;0;0;0;0
13.1;0;0.02;0;0;0;0.089;1.651;1.74;6.642;0;0.087;1.653;1.74;6.416;6.642;0.02;0;0;0;0
13.12;0;0.02;0;0;0;0.087;1.641;1.728;6.476;0;0.085;1.641;1.727;6.306;6.476;0.02;0;0;0;0
13.14;0;0.02;0;0;0;0.087;1.627;1.714;6.476;0;0.085;1.628;1.714;6.306;6.476;0.02;0;0;0;0
13.16;0;0.02;0;0;0;0.093;1.649;1.742;6.863;0;0.081;1.652;1.733;5.978;6.863;0.02;0;0;0;0
13.18;0;0.02;0;0;0;0.086;1.661;1.747;6.42;0;0.09;1.656;1.746;6.635;6.42;0.02;0;0;0;0
13.2;0;0.02;0;0;0;0.089;1.65;1.739;6.586;0;0.088;1.652;1.74;6.471;6.586;0.02;0;0;0;0
13.22;0;0.02;0;0;0;0.086;1.64;1.727;6.42;0;0.089;1.64;1.729;6.525;6.42;0.02;0;0;0;0
13.24;0;0.02;0;0;0;0.085;1.628;1.713;6.31;0;0.087;1.627;1.714;6.416;6.31;0.02;0;0;0;0
13.26;0;0.02;0;0;0;0.088;1.648;1.736;6.531;0;0.088;1.652;1.74;6.471;6.531;0.02;0;0;0;0
13.28;0;0.02;0;0;0;0.091;1.636;1.727;6.752;0;0.084;1.64;1.723;6.197;6.752;0.02;0;0;0;0
13.3;0;0.077;0;0;0;0.089;1.642;1.731;6.586;0;0.085;1.644;1.73;6.306;6.586;0.077;0;0;0;0
13.32;0;0.055;0;0;0;0.089;1.659;1.748;6.642;0;0.091;1.656;1.747;6.69;6.642;0.055;0;0;0;0
13.34;0;0.02;0;0;0;0.089;1.657;1.747;6.642;0;0.088;1.656;1.743;6.471;6.642;0.02;0;0;0;0
13.36;0;0.02;0;0;0;0.092;1.648;1.74;6.808;0;0.084;1.646;1.73;6.197;6.808;0.02;0;0;0;0
13.38;0;0.02;0;0;0;0.089;1.635;1.723;6.586;0;0.094;1.628;1.723;6.909;6.586;0.02;0;0;0;0
13.4;0;0.02;0;0;0;0.088;1.636;1.724;6.531;0;0.09;1.64;1.73;6.635;6.531;0.02;0;0;0;0
13.42;0;0.02;0;0;0;0.089;1.66;1.75;6.642;0;0.081;1.663;1.744;6.032;6.642;0.02;0;0;0;0
13.44;0;0.02;0;0;0;0.097;1.651;1.747;7.14;0;0.087;1.655;1.742;6.416;7.14;0.02;0;0;0;0
13.46;0;0.02;0;0;0;0.089;1.646;1.735;6.642;0;0.084;1.648;1.732;6.197;6.642;0.02;0;0;0;0
13.48;0;0.02;0;0;0;0.093;1.629;1.723;6.918;0;0.093;1.631;1.724;6.854;6.918;0.02;0;0;0;0
13.5;0;0.02;0;0;0;0.091;1.636;1.727;6.752;0;0.093;1.64;1.733;6.799;6.752;0.02;0;0;0;0
13.52;0;0.02;0;0;0;0.09;1.659;1.749;6.697;0;0.085;1.663;1.748;6.306;6.697;0.02;0;0;0;0
13.54;0;0.02;0;0;0;0.086;1.653;1.739;6.42;0;0.093;1.65;1.743;6.854;6.42;0.02;0;0;0;0
13.56;0;0.02;0;0;0;0.09;1.643;1.733;6.697;0;0.093;1.641;1.735;6.854;6.697;0.02;0;0;0;0
13.58;0;0.02;0;0;0;0.09;1.631;1.721;6.697;0;0.089;1.63;1.718;6.525;6.697;0.02;0;0;0;0
13.6;0;0.02;0;0;0;0.087;1.645;1.732;6.476;0;0.09;1.64;1.73;6.635;6.476;0.02;0;0;0;0
13.62;0;0.02;0;0;0;0.093;1.656;1.75;6.918;0;0.089;1.657;1.746;6.525;6.918;0.02;0;0;0;0
13.64;0;0.02;0;0;0;0.09;1.655;1.745;6.697;0;0.084;1.657;1.741;6.197;6.697;0.02;0;0;0;0
13.66;0;0.02;0;0;0;0.089;1.646;1.735;6.586;0;0.084;1.648;1.732;6.197;6.586;0.02;0;0;0;0
13.68;0;0.02;0;0;0;0.091;1.63;1.721;6.752;0;0.087;1.634;1.721;6.416;6.752;0.02;0;0;0;0
13.7;0;0.02;0;0;0;0.082;1.648;1.73;6.144;0;0.093;1.64;1.733;6.854;6.144;0.02;0;0;0;0
13.72;0;0.02;0;0;0;0.087;1.66;1.747;6.476;0;0.087;1.659;1.746;6.416;6.476;0.02;0;0;0;0
13.74;0;0.02;0;0;0;0.09;1.652;1.743;6.697;0;0.089;1.652;1.741;6.525;6.697;0.02;0;0;0;0
13.76;0;0.02;0;0;0;0.082;1.648;1.73;6.144;0;0.084;1.645;1.729;6.197;6.144;0.02;0;0;0;0
13.78;0;0.02;0;0;0;0.086;1.631;1.717;6.42;0;0.088;1.631;1.718;6.471;6.42;0.02;0;0;0;0
13.8;0;0.02;0;0;0;0.089;1.64;1.73;6.642;0;0.085;1.64;1.726;6.306;6.642;0.02;0;0;0;0
13.82;0;0.02;0;0;0;0.085;1.661;1.747;6.365;0;0.092;1.655;1.747;6.744;6.365;0.02;0;0;0;0
13.84;0;0.02;0;0;0;0.087;1.654;1.741;6.476;0;0.089;1.655;1.744;6.58;6.476;0.02;0;0;0;0
13.86;0;0.02;0;0;0;0.087;1.645;1.732;6.476;0;0.084;1.644;1.728;6.197;6.476;0.02;0;0;0;0
13.88;0;0.02;0;0;0;0.09;1.63;1.72;6.697;0;0.089;1.631;1.719;6.525;6.697;0.02;0;0;0;0
13.9;0;0.02;0;0;0;0.087;1.64;1.727;6.476;0;0.085;1.647;1.732;6.306;6.476;0.02;0;0;0;0
13.92;0;0.02;0;0;0;0.093;1.654;1.747;6.863;0;0.095;1.656;1.751;6.964;6.863;0.02;0;0;0;0
13.94;0;0.02;0;0;0;0.089;1.656;1.744;6.586;0;0.093;1.651;1.743;6.799;6.586;0.02;0;0;0;0
13.96;0;0.02;0;0;0;0.093;1.643;1.736;6.918;0;0.085;1.647;1.731;6.251;6.918;0.02;0;0;0;0
13.98;0;0.02;0;0;0;0.081;1.632;1.714;6.089;0;0.088;1.631;1.718;6.471;6.089;0.02;0;0;0;0
14;0;0.02;0;0;0;0.086;1.644;1.731;6.42;0;0.087;1.643;1.73;6.416;6.42;0.02;0;0;0;0
14.02;0;0.02;0;0;0;0.097;1.656;1.753;7.14;0;0.089;1.658;1.747;6.58;7.14;0.02;0;0;0;0
14.04;0;0.02;0;0;0;0.089;1.656;1.746;6.642;0;0.089;1.654;1.743;6.525;6.642;0.02;0;0;0;0
14.06;0;0.02;0;0;0;0.089;1.647;1.735;6.586;0;0.09;1.644;1.734;6.635;6.586;0.02;0;0;0;0
14.08;0;0.02;0;0;0;0.091;1.63;1.721;6.752;0;0.087;1.635;1.722;6.416;6.752;0.02;0;0;0;0
14.1;0;0.02;0;0;0;0.086;1.644;1.73;6.42;0;0.088;1.64;1.728;6.471;6.42;0.02;0;0;0;0
14.12;0;0.02;0;0;0;0.086;1.657;1.743;6.42;0;0.091;1.655;1.746;6.69;6.42;0.02;0;0;0;0
14.14;0;0.02;0;0;0;0.097;1.649;1.746;7.14;0;0.085;1.656;1.741;6.251;7.14;0.02;0;0;0;0
14.16;0;0.02;0;0;0;0.089;1.645;1.735;6.642;0;0.083;1.645;1.728;6.142;6.642;0.02;0;0;0;0
14.18;0;0.02;0;0;0;0.087;1.633;1.72;6.476;0;0.087;1.631;1.718;6.416;6.476;0.02;0;0;0;0
14.2;0;0.02;0;0;0;0.087;1.64;1.727;6.476;0;0.089;1.641;1.73;6.525;6.476;0.02;0;0;0;0
14.22;0;0.02;0;0;0;0.085;1.663;1.748;6.365;0;0.089;1.657;1.747;6.58;6.365;0.02;0;0;0;0
14.24;0;0.02;0;0;0;0.089;1.658;1.747;6.586;0;0.084;1.656;1.739;6.197;6.586;0.02;0;0;0;0
14.26;0;0.02;0;0;0;0.085;1.646;1.731;6.365;0;0.089;1.644;1.732;6.525;6.365;0.02;0;0;0;0
14.28;0;0.02;0;0;0;0.086;1.632;1.718;6.42;0;0.089;1.63;1.718;6.525;6.42;0.02;0;0;0;0
14.3;0;0.02;0;0;0;0.09;1.642;1.732;6.697;0;0.089;1.646;1.735;6.58;6.697;0.02;0;0;0;0
14.32;0;0.02;0;0;0;0.088;1.659;1.747;6.531;0;0.087;1.661;1.748;6.416;6.531;0.02;0;0;0;0
14.34;0;0.02;0;0;0;0.087;1.654;1.741;6.476;0;0.083;1.656;1.739;6.142;6.476;0.02;0;0;0;0
14.36;0;0.02;0;0;0;0.092;1.644;1.735;6.808;0;0.094;1.64;1.734;6.909;6.808;0.02;0;0;0;0
14.38;0;0.02;0;0;0;0.085;1.629;1.714;6.31;0;0.092;1.624;1.716;6.744;6.31;0.02;0;0;0;0
14.4;0;0.087;0;0;0;0.085;1.648;1.733;6.365;0;0.085;1.648;1.732;6.251;6.365;0.087;0;0;0;0
14.42;0;0.02;0;0;0;0.085;1.66;1.745;6.365;0;0.093;1.656;1.749;6.854;6.365;0.02;0;0;0;0
14.44;0;0.02;0;0;0;0.088;1.653;1.741;6.531;0;0.085;1.653;1.739;6.306;6.531;0.02;0;0;0;0
14.46;0;0.02;0;0;0;0.084;1.646;1.73;6.255;0;0.087;1.646;1.733;6.416;6.255;0.02;0;0;0;0
14.48;0;0.02;0;0;0;0.089;1.631;1.72;6.586;0;0.088;1.631;1.718;6.471;6.586;0.02;0;0;0;0
14.5;0;0.02;0;0;0;0.086;1.646;1.732;6.42;0;0.085;1.642;1.727;6.306;6.42;0.02;0;0;0;0
14.52;0;0.02;0;0;0;0.09;1.658;1.748;6.697;0;0.089;1.66;1.75;6.58;6.697;0.02;0;0;0;0
14.54;0;0.02;0;0;0;0.091;1.649;1.74;6.752;0;0.091;1.649;1.74;6.69;6.752;0.02;0;0;0;0
14.56;0;0.02;0;0;0;0.089;1.643;1.732;6.642;0;0.093;1.641;1.734;6.799;6.642;0.02;0;0;0;0
14.58;0;0.02;0;0;0;0.09;1.629;1.719;6.697;0;0.084;1.63;1.714;6.197;6.697;0.02;0;0;0;0
14.6;0;0.02;0;0;0;0.091;1.643;1.734;6.752;0;0.085;1.647;1.732;6.306;6.752;0.02;0;0;0;0
14.62;0;0.02;0;0;0;0.089;1.66;1.748;6.586;0;0.088;1.656;1.744;6.471;6.586;0.02;0;0;0;0
14.64;0;0.02;0;0;0;0.087;1.652;1.739;6.476;0;0.086;1.652;1.739;6.361;6.476;0.02;0;0;0;0
14.66;0;0.02;0;0;0;0.084;1.648;1.731;6.254;0;0.085;1.648;1.734;6.306;6.254;0.02;0;0;0;0
14.68;0;0.02;0;0;0;0.085;1.631;1.717;6.365;0;0.084;1.63;1.714;6.197;6.365;0.02;0;0;0;0
14.7;0;0.02;0;0;0;0.088;1.646;1.734;6.531;0;0.092;1.643;1.735;6.744;6.531;0.02;0;0;0;0
14.72;0;0.02;0;0;0;0.087;1.663;1.75;6.476;0;0.088;1.659;1.747;6.471;6.476;0.02;0;0;0;0
14.74;0;0.02;0;0;0;0.089;1.652;1.741;6.586;0;0.089;1.653;1.742;6.525;6.586;0.02;0;0;0;0
14.76;0;0.02;0;0;0;0.086;1.644;1.731;6.42;0;0.086;1.646;1.732;6.361;6.42;0.02;0;0;0;0
14.78;0;0.02;0;0;0;0.089;1.63;1.719;6.642;0;0.087;1.631;1.718;6.416;6.642;0.02;0;0;0;0
14.8;0;0.02;0;0;0;0.086;1.648;1.734;6.42;0;0.087;1.646;1.733;6.416;6.42;0.02;0;0;0;0
14.82;0;0.02;0;0;0;0.086;1.66;1.746;6.42;0;0.091;1.659;1.75;6.69;6.42;0.02;0;0;0;0
14.84;0;0.02;0;0;0;0.089;1.656;1.746;6.642;0;0.095;1.649;1.744;6.964;6.642;0.02;0;0;0;0
14.86;0;0.02;0;0;0;0.09;1.643;1.733;6.697;0;0.081;1.646;1.727;5.978;6.697;0.02;0;0;0;0
14.88;0;0.02;0;0;0;0.088;1.631;1.719;6.531;0;0.091;1.628;1.719;6.69;6.531;0.02;0;0;0;0
14.9;0;0.02;0;0;0;0.085;1.649;1.735;6.365;0;0.093;1.644;1.736;6.799;6.365;0.02;0;0;0;0
14.92;0;0.02;0;0;0;0.096;1.656;1.752;7.084;0;0.085;1.66;1.744;6.251;7.084;0.02;0;0;0;0
14.94;0;0.02;0;0;0;0.089;1.653;1.743;6.642;0;0.085;1.656;1.741;6.306;6.642;0.02;0;0;0;0
14.96;0;0.02;0;0;0;0.091;1.643;1.734;6.752;0;0.093;1.64;1.732;6.799;6.752;0.02;0;0;0;0
14.98;0;0.02;0;0;0;0.093;1.627;1.719;6.863;0;0.085;1.632;1.718;6.306;6.863;0.02;0;0;0;0
15;0;0.02;0;0;0;0.084;1.647;1.731;6.255;0;0.087;1.647;1.734;6.416;6.255;0.02;0;0;0;0
15.02;0;0.02;0;0;0;0.085;1.659;1.744;6.365;0;0.085;1.663;1.748;6.306;6.365;0.02;0;0;0;0
15.04;0;0.02;0;0;0;0.084;1.657;1.741;6.254;0;0.084;1.652;1.736;6.197;6.254;0.02;0;0;0;0
15.06;0;0.02;0;0;0;0.089;1.644;1.732;6.586;0;0.085;1.644;1.729;6.306;6.586;0.02;0;0;0;0
15.08;0;0.02;0;0;0;0.089;1.629;1.718;6.586;0;0.093;1.626;1.719;6.854;6.586;0.02;0;0;0;0
15.1;0;0.02;0;0;0;0.082;1.652;1.735;6.144;0;0.09;1.647;1.737;6.635;6.144;0.02;0;0;0;0
15.12;0;0.02;0;0;0;0.087;1.657;1.744;6.476;0;0.093;1.658;1.751;6.799;6.476;0.02;0;0;0;0
15.14;0;0.02;0;0;0;0.089;1.652;1.742;6.642;0;0.089;1.652;1.74;6.525;6.642;0.02;0;0;0;0
15.16;0;0.02;0;0;0;0.088;1.645;1.733;6.531;0;0.085;1.644;1.73;6.306;6.531;0.02;0;0;0;0
15.18;0;0.02;0;0;0;0.086;1.63;1.716;6.42;0;0.08;1.632;1.712;5.923;6.42;0.02;0;0;0;0
15.2;0;0.02;0;0;0;0.085;1.651;1.736;6.365;0;0.082;1.649;1.731;6.087;6.365;0.02;0;0;0;0
15.22;0;0.02;0;0;0;0.09;1.661;1.752;6.697;0;0.091;1.656;1.747;6.69;6.697;0.02;0;0;0;0
15.24;0;0.02;0;0;0;0.088;1.656;1.743;6.531;0;0.087;1.655;1.742;6.416;6.531;0.02;0;0;0;0
15.26;0;0.02;0;0;0;0.089;1.64;1.729;6.642;0;0.094;1.64;1.734;6.909;6.642;0.02;0;0;0;0
15.28;0;0.02;0;0;0;0.093;1.625;1.718;6.863;0;0.086;1.631;1.717;6.361;6.863;0.02;0;0;0;0
15.3;0;0.02;0;0;0;0.081;1.648;1.73;6.089;0;0.09;1.645;1.735;6.635;6.089;0.02;0;0;0;0
15.32;0;0.02;0;0;0;0.086;1.661;1.747;6.42;0;0.093;1.657;1.751;6.854;6.42;0.02;0;0;0;0
15.34;0;0.02;0;0;0;0.09;1.652;1.743;6.697;0;0.091;1.651;1.742;6.69;6.697;0.02;0;0;0;0
15.36;0;0.02;0;0;0;0.088;1.64;1.728;6.531;0;0.083;1.645;1.728;6.142;6.531;0.02;0;0;0;0
15.38;0;0.02;0;0;0;0.088;1.63;1.718;6.531;0;0.085;1.63;1.714;6.251;6.531;0.02;0;0;0;0
15.4;0;0.02;0;0;0;0.087;1.646;1.733;6.476;0;0.09;1.645;1.735;6.635;6.476;0.02;0;0;0;0
15.42;0;0.02;0;0;0;0.089;1.659;1.747;6.586;0;0.084;1.659;1.743;6.197;6.586;0.02;0;0;0;0
15.44;0;0.02;0;0;0;0.081;1.655;1.736;6.089;0;0.09;1.65;1.74;6.635;6.089;0.02;0;0;0;0
15.46;0;0.02;0;0;0;0.087;1.644;1.731;6.476;0;0.085;1.644;1.728;6.251;6.476;0.02;0;0;0;0
15.48;0;0.02;0;0;0;0.085;1.632;1.717;6.31;0;0.086;1.629;1.715;6.361;6.31;0.02;0;0;0;0
15.5;0;0.02;0;0;0;0.089;1.643;1.732;6.642;0;0.085;1.648;1.734;6.306;6.642;0.02;0;0;0;0
15.52;0;0.02;0;0;0;0.082;1.632;1.714;6.144;0;0.088;1.631;1.719;6.471;6.144;0.02;0;0;0;0
15.54;0;0.081;0;0;0;0.089;1.655;1.743;6.586;0;0.087;1.655;1.742;6.416;6.586;0.081;0;0;0;0
15.56;0;0.02;0;0;0;0.097;1.656;1.753;7.14;0;0.094;1.656;1.75;6.909;7.14;0.02;0;0;0;0
15.58;0;0.02;0;0;0;0.083;1.653;1.736;6.199;0;0.087;1.65;1.737;6.416;6.199;0.02;0;0;0;0
15.6;0;0.02;0;0;0;0.089;1.64;1.729;6.642;0;0.097;1.631;1.728;7.073;6.642;0.02;0;0;0;0
15.62;0;0.02;0;0;0;0.089;1.632;1.721;6.586;0;0.085;1.629;1.714;6.251;6.586;0.02;0;0;0;0
15.64;0;0.02;0;0;0;0.091;1.654;1.745;6.752;0;0.085;1.656;1.741;6.306;6.752;0.02;0;0;0;0
15.66;0;0.02;0;0;0;0.093;1.656;1.748;6.863;0;0.089;1.656;1.745;6.525;6.863;0.02;0;0;0;0
15.68;0;0.02;0;0;0;0.089;1.648;1.737;6.642;0;0.087;1.652;1.739;6.416;6.642;0.02;0;0;0;0
15.7;0;0.02;0;0;0;0.085;1.64;1.725;6.31;0;0.083;1.641;1.724;6.142;6.31;0.02;0;0;0;0
15.72;0;0.02;0;0;0;0.087;1.632;1.719;6.476;0;0.088;1.63;1.718;6.471;6.476;0.02;0;0;0;0
15.74;0;0.02;0;0;0;0.087;1.657;1.744;6.476;0;0.089;1.652;1.741;6.525;6.476;0.02;0;0;0;0
15.76;0;0.02;0;0;0;0.089;1.656;1.746;6.642;0;0.086;1.659;1.745;6.361;6.642;0.02;0;0;0;0
15.78;0;0.02;0;0;0;0.089;1.65;1.739;6.642;0;0.085;1.653;1.738;6.251;6.642;0.02;0;0;0;0
15.8;0;0.02;0;0;0;0.09;1.641;1.731;6.697;0;0.085;1.639;1.723;6.251;6.697;0.02;0;0;0;0
